452 1094
0 451
3 450
1 2
6 449
4 5
7 447
8 446
444 445
9 443
439 442
12 438
10 11
428 437
15 427
13 14
396 426
18 395
16 17
19 394
392 393
24 391
20 23
21 22
31 390
27 30
25 26
28 29
32 389
33 388
290 387
288 289
34 287
285 286
282 284
35 281
36 280
47 277
37 46
44 45
38 43
39 42
40 41
48 276
49 275
50 274
78 273
51 77
52 76
59 74
55 58
53 54
56 57
60 72
69 71
61 68
64 67
62 63
65 66
269 272
258 268
253 257
79 252
241 251
237 240
80 236
81 235
82 234
211 233
85 210
83 84
186 209
175 185
86 174
95 173
87 94
92 93
90 91
88 89
96 172
97 171
98 170
168 169
113 167
99 112
102 111
100 101
109 110
107 108
105 106
103 104
114 166
163 165
115 162
118 161
116 117
119 160
120 158
121 157
137 156
134 136
122 133
131 132
123 130
128 129
124 127
125 126
144 155
138 143
149 154
145 148
146 147
152 153
150 151
182 184
176 181
178 179
187 208
190 207
188 189
191 206
194 205
192 193
195 204
196 202
198 201
213 232
216 231
214 215
227 230
217 226
223 224
218 222
219 220
228 229
238 239
246 250
242 245
247 249
254 256
266 267
259 265
260 264
261 263
270 271
291 386
292 385
293 384
365 383
294 364
295 363
298 359
346 358
301 345
299 300
314 344
310 313
302 309
303 308
304 307
305 306
311 312
315 343
319 342
316 318
320 340
325 339
321 324
322 323
326 337
327 336
328 335
332 333
329 331
347 357
348 356
351 353
366 382
367 381
368 380
369 378
370 377
375 376
371 373
423 424
397 422
409 421
400 408
398 399
401 407
402 406
403 405
414 420
410 413
411 412
415 418
416 417
433 436
431 432
429 430
434 435
440 441
453 1093
454 1092
1059 1091
457 1058
455 456
458 1057
459 1056
460 1055
916 1054
461 915
462 914
463 913
464 911
465 910
466 909
476 908
469 475
467 468
472 474
470 471
490 907
486 489
477 485
478 484
480 483
487 488
501 906
491 500
492 499
494 498
495 497
502 905
506 904
503 505
509 903
507 508
550 902
510 549
511 548
545 547
512 544
519 542
517 518
513 516
514 515
539 540
535 538
520 534
521 533
530 532
526 529
522 525
523 524
527 528
536 537
585 901
551 584
580 583
552 579
560 578
553 559
554 558
555 557
561 577
575 576
562 574
565 573
563 564
566 572
568 571
569 570
581 582
586 900
587 899
888 898
588 887
885 886
589 884
637 883
633 636
590 632
594 631
591 593
595 630
598 629
596 597
601 628
599 600
613 627
602 612
603 611
604 609
605 608
606 607
620 626
614 619
617 618
615 616
621 625
634 635
639 882
640 881
858 880
641 857
642 856
643 855
847 854
785 846
644 784
687 783
645 686
684 685
648 683
646 647
649 682
680 681
650 679
651 678
652 677
672 676
664 671
653 663
656 662
654 655
657 660
658 659
665 670
668 669
666 667
674 675
688 782
689 781
772 779
732 771
690 731
691 730
728 729
692 727
722 726
693 721
694 720
706 719
695 705
696 704
697 702
700 701
698 699
707 718
712 717
708 711
713 716
714 715
724 725
733 770
734 769
756 768
735 755
736 754
737 752
738 750
747 748
739 744
740 743
741 742
760 767
757 759
763 766
761 762
764 765
775 778
773 774
776 777
790 845
786 789
787 788
826 844
791 825
793 824
794 823
797 822
795 796
798 821
819 820
801 818
799 800
802 817
803 816
805 815
807 813
808 811
833 843
827 832
828 831
829 830
834 842
835 841
836 840
837 839
852 853
848 850
859 879
860 878
861 877
862 876
874 875
863 873
866 871
864 865
867 870
868 869
889 897
890 896
891 895
893 894
917 1053
1040 1052
918 1039
1033 1038
919 1032
937 1031
933 936
920 932
921 931
923 930
928 929
925 927
934 935
1026 1030
1024 1025
938 1023
1020 1022
939 1019
1017 1018
940 1016
941 1015
942 1014
1012 1013
943 1011
946 1010
944 945
1003 1009
987 1002
947 986
984 985
948 983
981 982
979 980
949 978
951 977
975 976
952 973
970 972
953 969
964 968
954 963
955 962
960 961
958 959
956 957
965 966
990 1001
988 989
991 1000
996 998
994 995
1007 1008
1004 1006
1027 1028
1036 1037
1041 1051
1042 1050
1047 1048
1043 1046
1060 1090
1061 1089
1062 1087
1063 1086
1065 1085
1072 1084
1070 1071
1066 1069
1067 1068
1082 1083
1073 1081
1074 1080
1076 1077
