0 6668
6412 6667
1 6411
2 6410
3 6409
32 6408
4 31
5 30
28 29
6 27
7 26
8 25
11 24
9 10
20 23
14 19
12 13
17 18
15 16
21 22
6404 6407
33 6403
34 6402
35 6401
36 6400
37 6398
6386 6396
38 6385
39 6384
6378 6383
40 6377
41 6376
6302 6375
42 6301
45 6300
43 44
180 6299
46 179
47 178
49 177
52 176
50 51
53 175
54 174
55 173
171 172
56 170
65 169
57 64
58 63
61 62
59 60
66 168
67 167
71 166
68 69
72 164
89 163
73 88
74 87
75 86
76 84
82 83
77 81
78 80
90 162
91 161
155 160
153 154
92 152
93 151
94 150
114 149
101 113
95 100
96 99
97 98
102 112
110 111
103 109
107 108
105 106
115 148
116 146
144 145
119 143
117 118
140 142
120 139
137 138
121 136
128 135
122 127
123 126
124 125
129 134
130 133
131 132
156 159
157 158
6208 6298
181 6207
6205 6206
182 6204
6197 6203
183 6195
186 6194
184 185
189 6193
187 188
202 6192
190 201
197 200
191 196
192 195
193 194
198 199
203 6191
204 6190
205 6188
6185 6187
206 6184
207 6183
208 6182
210 6181
6174 6180
211 6173
6171 6172
213 6170
214 6169
6093 6168
215 6092
6090 6091
216 6089
6087 6088
217 6086
220 6085
218 219
6074 6084
221 6073
223 6072
224 6071
6069 6070
225 6068
226 6067
227 6066
229 6065
6062 6064
230 6061
6059 6060
231 6058
234 6057
232 233
5887 6056
235 5886
236 5885
237 5884
5882 5883
5880 5881
238 5879
5877 5878
239 5876
240 5875
5853 5874
243 5852
241 242
246 5851
244 245
255 5850
247 254
250 253
248 249
251 252
5848 5849
5846 5847
256 5845
257 5844
5834 5843
258 5833
259 5832
260 5831
261 5830
266 5829
262 265
263 264
267 5828
268 5827
269 5826
270 5825
273 5824
271 272
274 5823
2820 5822
275 2819
276 2818
2816 2817
279 2815
277 278
280 2814
281 2813
282 2812
284 2811
285 2809
286 2808
293 2807
289 292
287 288
290 291
294 2806
344 2805
295 343
296 342
297 341
334 340
298 333
299 332
300 331
301 330
302 329
303 328
304 327
305 326
320 325
317 319
306 316
314 315
307 313
311 312
308 309
323 324
321 322
336 339
337 338
345 2804
346 2803
2801 2802
347 2800
348 2799
349 2798
2785 2797
2783 2784
2777 2782
350 2776
351 2775
352 2774
2764 2773
353 2763
355 2762
356 2761
375 2760
357 374
358 373
367 372
359 366
360 365
361 364
362 363
368 371
369 370
376 2759
2755 2758
377 2754
378 2753
2751 2752
379 2750
400 2749
388 399
380 387
381 386
382 385
383 384
397 398
393 396
389 392
390 391
394 395
401 2748
402 2747
403 2746
412 2745
404 411
405 410
406 409
407 408
415 2744
413 414
416 2743
417 2742
420 2741
418 419
2737 2740
421 2736
422 2735
2733 2734
423 2732
2730 2731
424 2729
428 2728
426 427
429 2727
432 2726
430 431
2724 2725
433 2723
443 2722
438 442
434 437
435 436
439 440
2703 2721
444 2702
445 2701
446 2700
447 2698
462 2696
450 461
448 449
457 460
451 456
452 455
453 454
458 459
463 2695
464 2693
2690 2691
473 2689
465 472
466 471
467 470
468 469
474 2688
475 2686
476 2685
2683 2684
477 2682
478 2681
2678 2680
479 2677
2673 2676
480 2672
487 2671
481 486
484 485
482 483
488 2670
670 2669
489 669
490 668
491 667
645 666
643 644
492 642
498 641
493 497
494 495
499 640
500 639
634 637
501 633
502 632
503 631
504 630
505 629
609 628
506 608
605 606
507 604
508 603
511 602
509 510
512 600
561 599
513 560
515 559
516 558
535 557
517 534
518 533
519 532
520 531
522 528
525 526
536 556
537 555
553 554
538 552
540 551
548 549
542 547
545 546
543 544
562 598
577 595
575 576
563 574
572 573
570 571
564 569
565 566
582 594
580 581
578 579
583 593
590 592
584 589
585 588
610 627
611 626
612 625
613 624
616 623
614 615
619 622
617 618
620 621
664 665
646 663
647 662
650 660
648 649
651 659
652 658
653 657
2667 2668
2636 2666
671 2635
675 2634
672 674
676 2633
681 2632
677 680
678 679
682 2631
683 2630
688 2629
684 687
685 686
2620 2627
689 2617
690 2616
691 2615
2613 2614
692 2612
2605 2610
695 2603
693 694
2601 2602
696 2600
2598 2599
697 2597
698 2596
699 2595
701 2594
2588 2593
864 2587
702 863
703 862
852 861
706 848
704 705
846 847
707 845
708 844
712 843
710 711
713 842
716 841
714 715
839 840
717 838
722 837
718 721
719 720
835 836
723 834
724 833
725 832
826 831
726 825
727 824
800 823
728 799
729 798
730 797
731 796
732 795
737 793
733 736
734 735
738 792
779 791
739 778
740 777
743 776
741 742
744 775
761 774
745 760
752 759
750 751
746 749
747 748
753 758
754 757
755 756
768 773
762 767
763 766
764 765
769 772
770 771
785 790
781 784
782 783
788 789
786 787
801 822
802 821
803 820
818 819
804 817
805 816
806 815
813 814
807 812
808 811
809 810
827 830
828 829
853 860
856 859
854 855
857 858
2584 2586
865 2583
866 2582
867 2581
870 2580
868 869
898 2579
871 897
877 896
872 876
874 875
884 895
878 883
879 881
885 894
891 893
886 890
887 888
899 2578
905 2577
900 904
901 903
906 2576
907 2574
2572 2573
908 2571
2560 2568
909 2559
910 2558
2556 2557
911 2554
912 2553
929 2552
913 928
914 927
918 926
915 917
920 924
921 923
932 2551
930 931
933 2550
2161 2549
934 2160
935 2159
2155 2158
2153 2154
2107 2152
936 2106
943 2105
937 942
938 941
939 940
944 2104
945 2103
1318 2102
946 1317
1315 1316
1026 1314
947 1025
948 1024
1020 1023
949 1019
950 1018
951 1017
952 1016
1012 1015
953 1011
977 1010
954 976
955 975
956 974
967 973
957 966
960 965
958 959
961 964
962 963
970 971
968 969
989 1009
978 988
979 987
980 986
983 984
981 982
990 1008
991 1007
992 1006
995 1004
996 1003
997 1002
998 1001
999 1000
1013 1014
1021 1022
1035 1313
1031 1034
1027 1030
1028 1029
1032 1033
1036 1312
1037 1311
1038 1310
1039 1309
1046 1307
1040 1045
1043 1044
1041 1042
1047 1306
1049 1305
1050 1304
1051 1303
1053 1302
1298 1301
1054 1297
1293 1296
1055 1292
1056 1291
1144 1290
1057 1143
1139 1142
1058 1138
1063 1137
1059 1062
1060 1061
1065 1136
1076 1134
1066 1075
1071 1074
1067 1070
1097 1133
1095 1096
1077 1094
1091 1093
1078 1089
1081 1088
1079 1080
1082 1087
1085 1086
1083 1084
1098 1132
1099 1131
1105 1130
1100 1104
1102 1103
1106 1129
1107 1127
1108 1126
1109 1125
1110 1124
1111 1123
1114 1122
1112 1113
1118 1121
1119 1120
1140 1141
1170 1288
1145 1167
1161 1166
1159 1160
1146 1158
1155 1156
1153 1154
1147 1152
1148 1151
1149 1150
1162 1165
1171 1287
1172 1286
1173 1285
1176 1283
1174 1175
1177 1281
1178 1280
1276 1278
1218 1275
1179 1217
1180 1216
1199 1215
1181 1198
1191 1197
1182 1190
1183 1189
1184 1188
1185 1187
1194 1196
1192 1193
1200 1214
1212 1213
1203 1211
1201 1202
1207 1210
1204 1205
1208 1209
1219 1274
1220 1273
1222 1272
1223 1271
1269 1270
1226 1268
1224 1225
1227 1266
1230 1265
1228 1229
1231 1264
1262 1263
1232 1261
1233 1259
1257 1258
1234 1256
1235 1255
1238 1254
1236 1237
1244 1253
1241 1243
1239 1240
1245 1252
1248 1251
1246 1247
1249 1250
1299 1300
1321 2101
1319 1320
1322 2100
1323 2099
1324 2098
1325 2096
1326 2095
1662 2094
1327 1661
1338 1660
1328 1337
1329 1336
1330 1335
1331 1334
1332 1333
1339 1659
1340 1658
1345 1657
1341 1344
1342 1343
1346 1656
1347 1655
1349 1654
1350 1653
1351 1652
1352 1651
1647 1650
1353 1646
1642 1643
1356 1641
1354 1355
1359 1640
1357 1358
1360 1639
1361 1638
1362 1636
1363 1635
1364 1634
1365 1633
1627 1631
1366 1626
1623 1624
1367 1622
1370 1621
1368 1369
1371 1620
1372 1619
1617 1618
1583 1616
1373 1582
1374 1581
1481 1580
1375 1480
1376 1479
1379 1476
1377 1378
1393 1475
1391 1392
1380 1390
1388 1389
1381 1387
1384 1386
1382 1383
1394 1474
1410 1473
1395 1409
1402 1408
1396 1401
1397 1400
1398 1399
1403 1407
1404 1405
1471 1472
1467 1470
1411 1466
1412 1465
1413 1464
1414 1463
1415 1462
1447 1461
1420 1446
1416 1418
1442 1445
1432 1441
1421 1431
1422 1430
1423 1429
1425 1428
1426 1427
1437 1440
1433 1436
1434 1435
1438 1439
1443 1444
1459 1460
1453 1458
1448 1452
1449 1451
1454 1457
1455 1456
1468 1469
1482 1579
1483 1578
1543 1577
1484 1542
1485 1541
1521 1540
1486 1520
1487 1519
1491 1517
1488 1489
1492 1516
1498 1515
1493 1497
1494 1495
1506 1514
1499 1505
1500 1504
1502 1503
1512 1513
1507 1511
1509 1510
1522 1539
1526 1538
1527 1535
1528 1533
1529 1532
1530 1531
1544 1576
1545 1575
1546 1574
1547 1573
1563 1572
1548 1562
1553 1558
1549 1552
1550 1551
1556 1557
1554 1555
1564 1571
1565 1570
1566 1569
1567 1568
1584 1615
1609 1610
1591 1608
1585 1590
1586 1589
1587 1588
1596 1607
1592 1595
1593 1594
1600 1606
1597 1599
1601 1603
1628 1629
1648 1649
1663 2093
1664 2092
2084 2091
2078 2083
1665 2077
1666 2076
2074 2075
1667 2073
1668 2072
1669 2071
2069 2070
1671 2068
1672 2067
2061 2066
1673 2060
1684 2059
1674 1683
1675 1682
1680 1681
1676 1679
1677 1678
2056 2057
1689 2055
1685 1688
1686 1687
2050 2054
1694 2049
1690 1693
1691 1692
1756 2048
1695 1755
1696 1754
1697 1753
1698 1752
1699 1751
1700 1750
1701 1749
1702 1748
1714 1747
1704 1713
1711 1712
1705 1710
1706 1709
1707 1708
1715 1746
1717 1745
1718 1744
1721 1743
1719 1720
1722 1742
1723 1741
1730 1740
1724 1729
1727 1728
1725 1726
1733 1739
1731 1732
1734 1738
1735 1737
1771 2047
1757 1770
1758 1769
1761 1768
1759 1760
1766 1767
1762 1765
1763 1764
1772 2046
2012 2045
1791 2011
1773 1790
1787 1789
1775 1786
1776 1785
1778 1784
1781 1782
2009 2010
2007 2008
1792 2006
2004 2005
2002 2003
1793 2001
1794 2000
1803 1999
1797 1802
1795 1796
1800 1801
1804 1998
1824 1997
1818 1823
1805 1817
1808 1816
1806 1807
1811 1814
1809 1810
1812 1813
1819 1822
1820 1821
1858 1996
1825 1857
1826 1856
1839 1855
1837 1838
1827 1836
1834 1835
1828 1833
1829 1832
1830 1831
1840 1854
1850 1853
1841 1849
1842 1848
1843 1847
1844 1846
1851 1852
1859 1995
1860 1993
1867 1992
1861 1866
1862 1865
1863 1864
1868 1991
1986 1990
1869 1985
1980 1984
1874 1979
1870 1873
1871 1872
1880 1978
1875 1879
1883 1977
1881 1882
1884 1976
1918 1975
1885 1917
1886 1915
1913 1914
1887 1912
1909 1911
1907 1908
1888 1906
1889 1905
1892 1904
1890 1891
1898 1903
1895 1897
1893 1894
1901 1902
1899 1900
1919 1974
1934 1973
1920 1933
1921 1932
1922 1929
1923 1926
1924 1925
1970 1972
1935 1969
1936 1968
1937 1967
1965 1966
1961 1964
1938 1960
1941 1959
1939 1940
1957 1958
1944 1955
1942 1943
1945 1954
1948 1953
1946 1947
1951 1952
1949 1950
1962 1963
1981 1983
1988 1989
2013 2043
2031 2042
2014 2030
2023 2029
2015 2022
2016 2021
2017 2020
2018 2019
2024 2028
2025 2027
2033 2040
2034 2039
2037 2038
2035 2036
2051 2052
2062 2065
2063 2064
2079 2082
2080 2081
2085 2090
2086 2089
2087 2088
2108 2151
2109 2150
2110 2149
2111 2148
2114 2147
2112 2113
2121 2146
2115 2120
2116 2119
2117 2118
2131 2145
2124 2130
2122 2123
2125 2128
2126 2127
2140 2144
2136 2139
2132 2135
2133 2134
2137 2138
2142 2143
2156 2157
2162 2548
2163 2547
2164 2545
2165 2544
2170 2542
2166 2169
2167 2168
2171 2541
2173 2539
2174 2538
2175 2537
2176 2536
2177 2535
2180 2534
2178 2179
2181 2533
2182 2532
2183 2530
2194 2529
2184 2193
2185 2192
2186 2191
2187 2190
2188 2189
2526 2528
2195 2525
2196 2524
2197 2523
2201 2522
2198 2199
2202 2521
2203 2520
2368 2519
2204 2367
2205 2366
2206 2365
2207 2364
2208 2363
2347 2362
2211 2346
2209 2210
2212 2345
2215 2344
2213 2214
2341 2343
2216 2340
2218 2339
2220 2338
2221 2337
2222 2336
2223 2335
2230 2334
2224 2229
2225 2226
2231 2332
2241 2331
2232 2240
2233 2239
2234 2237
2235 2236
2242 2330
2243 2329
2314 2328
2312 2313
2244 2311
2245 2309
2303 2308
2301 2302
2246 2300
2247 2299
2297 2298
2248 2296
2292 2295
2249 2291
2251 2289
2252 2288
2261 2287
2253 2260
2256 2259
2254 2255
2257 2258
2285 2286
2264 2284
2265 2283
2269 2282
2270 2281
2272 2280
2277 2279
2273 2276
2274 2275
2293 2294
2306 2307
2304 2305
2315 2327
2316 2326
2320 2325
2317 2319
2321 2324
2322 2323
2348 2361
2349 2360
2358 2359
2350 2357
2351 2356
2352 2355
2353 2354
2387 2518
2369 2386
2370 2385
2379 2384
2377 2378
2375 2376
2371 2374
2372 2373
2382 2383
2380 2381
2388 2517
2389 2516
2390 2515
2513 2514
2391 2512
2401 2511
2392 2400
2396 2397
2402 2510
2508 2509
2504 2507
2403 2503
2435 2502
2404 2434
2405 2433
2407 2432
2410 2430
2408 2409
2411 2429
2417 2428
2412 2416
2414 2415
2423 2426
2418 2421
2487 2501
2485 2486
2436 2483
2437 2482
2438 2481
2439 2480
2442 2479
2440 2441
2443 2476
2444 2475
2445 2474
2466 2473
2446 2465
2447 2464
2451 2463
2448 2450
2459 2462
2452 2457
2455 2456
2453 2454
2460 2461
2467 2472
2468 2471
2469 2470
2493 2499
2495 2498
2496 2497
2505 2506
2566 2567
2561 2565
2563 2564
2589 2592
2590 2591
2608 2609
2606 2607
2621 2624
2622 2623
2637 2665
2638 2664
2641 2663
2639 2640
2655 2662
2653 2654
2642 2652
2643 2651
2646 2650
2644 2645
2647 2649
2656 2661
2657 2660
2658 2659
2674 2675
2704 2720
2705 2719
2706 2718
2707 2717
2708 2715
2709 2714
2710 2713
2711 2712
2738 2739
2756 2757
2771 2772
2765 2770
2766 2769
2780 2781
2778 2779
2786 2796
2787 2795
2788 2794
2789 2793
2790 2792
2821 5820
5812 5819
2822 5811
2823 5810
2826 5809
2824 2825
5805 5808
2827 5804
2828 5803
5801 5802
2829 5800
2830 5799
2831 5798
2836 5797
2832 2834
2837 5796
2845 5795
2843 2844
2838 2842
2840 2841
2846 5794
2847 5793
2850 5792
2848 2849
2866 5791
2851 2864
2860 2863
2854 2859
2852 2853
2856 2857
2861 2862
2867 5790
2869 5789
2870 5788
2879 5787
2871 2878
2872 2877
2875 2876
2873 2874
2888 5785
2880 2887
2885 2886
2883 2884
2881 2882
2889 5784
3284 5783
2892 3283
2890 2891
2893 3282
3037 3281
2894 3036
2895 3035
2896 3034
2897 3033
2898 3032
3030 3031
2899 3029
2914 3028
2900 2913
2901 2912
2904 2911
2902 2903
2906 2909
2907 2908
2917 3027
2915 2916
3025 3026
2918 3024
2919 3023
2920 3022
2921 3021
3012 3020
2996 3011
2922 2995
2923 2994
2944 2993
2942 2943
2924 2941
2925 2940
2926 2939
2927 2938
2930 2937
2928 2929
2933 2936
2931 2932
2934 2935
2951 2992
2945 2950
2946 2949
2947 2948
2958 2991
2956 2957
2952 2955
2953 2954
2959 2990
2977 2987
2960 2976
2963 2975
2961 2962
2969 2974
2964 2968
2965 2967
2970 2973
2971 2972
2978 2986
2979 2985
2980 2984
2982 2983
3004 3010
2997 3003
3000 3002
2998 2999
3005 3009
3006 3007
3015 3019
3013 3014
3016 3017
3041 3280
3038 3040
3044 3279
3042 3043
3045 3278
3276 3277
3046 3275
3047 3274
3048 3273
3271 3272
3049 3270
3050 3269
3051 3268
3096 3267
3065 3095
3053 3064
3062 3063
3056 3061
3054 3055
3057 3060
3058 3059
3066 3094
3067 3093
3068 3091
3069 3090
3070 3089
3085 3087
3071 3084
3072 3082
3073 3081
3079 3080
3074 3078
3075 3077
3260 3266
3097 3259
3255 3258
3098 3254
3099 3251
3102 3250
3100 3101
3103 3249
3104 3248
3177 3247
3105 3176
3106 3175
3107 3174
3108 3172
3109 3171
3133 3170
3110 3132
3130 3131
3111 3129
3112 3128
3113 3127
3114 3126
3115 3125
3116 3124
3121 3122
3117 3120
3118 3119
3134 3169
3167 3168
3135 3166
3140 3165
3138 3139
3136 3137
3163 3164
3145 3162
3141 3144
3142 3143
3146 3161
3147 3160
3150 3159
3148 3149
3151 3158
3152 3157
3153 3156
3154 3155
3178 3246
3179 3245
3180 3244
3181 3243
3184 3242
3182 3183
3185 3241
3186 3240
3210 3239
3189 3209
3187 3188
3190 3208
3204 3205
3191 3203
3201 3202
3195 3200
3192 3193
3196 3199
3197 3198
3213 3238
3211 3212
3214 3237
3215 3236
3216 3235
3219 3234
3217 3218
3227 3233
3220 3226
3221 3225
3222 3224
3228 3232
3230 3231
3256 3257
3261 3264
5779 5782
3287 5778
3285 3286
3296 5777
3290 3295
3288 3289
3291 3294
3292 3293
5775 5776
3297 5774
3298 5773
3301 5772
3299 3300
3302 5771
3305 5769
3303 3304
5764 5768
3320 5763
3306 3319
3307 3318
3308 3317
3313 3316
3311 3312
3309 3310
3314 3315
5761 5762
5751 5760
3321 5749
3322 5748
5742 5747
3325 5741
3323 3324
5726 5740
3326 5725
3327 5724
3328 5723
3329 5722
3330 5721
3335 5720
3331 3334
3332 3333
3341 5719
3337 3340
3338 3339
3342 5718
3345 5717
3343 3344
5625 5716
3346 5624
3347 5623
5617 5622
3348 5616
5612 5615
3349 5611
3350 5610
3351 5609
3352 5607
3353 5606
3360 5605
3356 3359
3354 3355
3357 3358
3361 5604
3444 5603
3362 3443
3363 3442
3440 3441
3364 3439
3365 3438
3366 3437
3435 3436
3401 3434
3367 3400
3370 3399
3368 3369
3381 3398
3371 3380
3372 3379
3375 3378
3373 3374
3376 3377
3388 3397
3382 3387
3385 3386
3383 3384
3389 3396
3392 3395
3390 3391
3393 3394
3402 3432
3405 3431
3403 3404
3406 3430
3408 3429
3425 3428
3409 3424
3410 3423
3411 3422
3412 3421
3419 3420
3413 3418
3414 3417
3415 3416
3426 3427
3445 5602
3446 5600
3447 5599
3450 5598
3451 5597
3452 5596
3453 5595
3462 5594
3454 3461
3455 3460
3456 3459
3457 3458
3467 5593
3463 3466
3464 3465
3468 5592
3486 5591
3471 3485
3469 3470
3483 3484
3474 3482
3472 3473
3475 3481
3479 3480
3476 3477
5582 5590
3487 5581
3492 5580
3488 3491
3489 3490
5578 5579
3493 5577
3494 5576
3495 5575
3501 5574
3499 3500
3496 3497
5572 5573
3502 5571
3505 5570
3503 3504
3506 5569
3507 5568
5540 5567
4843 5539
3508 4842
3511 4841
3509 3510
3512 4840
3513 4839
3514 4838
3517 4837
3515 3516
3518 4835
3519 4834
3520 4833
4745 4832
3521 4744
3526 4743
3522 3525
3523 3524
3529 4742
3527 3528
3530 4741
4735 4740
3531 4734
4712 4733
4710 4711
3532 4709
3533 4708
3534 4707
3535 4706
3536 4705
3537 4704
4698 4703
3538 4697
4681 4695
3539 4680
4678 4679
3540 4677
3578 4676
3541 3577
3575 3576
3573 3574
3542 3572
3543 3571
3544 3570
3567 3569
3547 3566
3545 3546
3548 3565
3563 3564
3550 3562
3551 3561
3552 3560
3553 3558
3556 3557
3554 3555
3579 4675
3599 4674
3580 3598
3581 3597
3582 3596
3594 3595
3583 3593
3590 3591
3588 3589
3584 3587
3585 3586
3606 4673
3600 3605
3603 3604
3601 3602
4652 4672
3607 4651
3608 4650
4648 4649
3611 4647
3609 3610
3612 4646
4414 4645
3613 4413
3614 4412
3615 4411
4409 4410
3616 4408
3617 4407
3618 4406
3619 4405
3621 4404
3622 4403
3662 4400
3623 3661
3626 3660
3624 3625
3627 3659
3655 3658
3628 3654
3629 3653
3642 3652
3640 3641
3630 3639
3631 3635
3632 3634
3650 3651
3643 3649
3644 3648
3645 3647
3656 3657
3672 4399
3663 3671
3664 3670
3665 3669
3666 3668
3679 4398
3677 3678
3673 3676
3674 3675
3680 4397
4393 4396
3697 4392
3681 3696
3684 3695
3682 3683
3685 3693
3686 3692
3687 3690
3688 3689
3744 4390
3698 3743
3733 3742
3705 3732
3699 3704
3702 3703
3700 3701
3706 3731
3711 3730
3707 3710
3708 3709
3726 3729
3712 3725
3721 3724
3713 3720
3718 3719
3714 3717
3715 3716
3722 3723
3727 3728
3734 3741
3735 3740
3736 3739
4374 4389
3745 4373
3746 4372
3747 4371
4367 4370
3929 4366
3748 3928
3749 3927
3750 3926
3920 3925
3751 3919
3752 3918
3862 3917
3753 3861
3850 3860
3758 3848
3754 3757
3755 3756
3759 3847
3760 3846
3761 3845
3763 3844
3832 3842
3764 3831
3769 3830
3765 3768
3766 3767
3784 3829
3770 3783
3771 3782
3778 3781
3776 3777
3772 3775
3773 3774
3799 3828
3791 3798
3787 3790
3785 3786
3788 3789
3792 3797
3793 3796
3794 3795
3800 3827
3801 3826
3819 3825
3802 3818
3803 3817
3806 3816
3804 3805
3807 3815
3808 3814
3811 3813
3809 3810
3822 3824
3820 3821
3840 3841
3834 3839
3835 3838
3836 3837
3851 3859
3852 3857
3853 3856
3854 3855
3863 3916
3881 3915
3864 3880
3878 3879
3876 3877
3865 3875
3866 3874
3867 3873
3868 3872
3913 3914
3882 3912
3905 3911
3883 3903
3884 3901
3885 3900
3886 3899
3889 3898
3887 3888
3894 3897
3892 3893
3890 3891
3895 3896
3908 3909
3906 3907
3923 3924
3921 3922
4364 4365
3930 4363
3931 4362
3932 4361
3933 4360
3934 4359
4342 4358
4340 4341
3935 4339
4337 4338
3936 4336
4326 4335
3937 4325
4323 4324
3938 4322
3939 4321
3940 4320
4089 4319
3941 4088
3942 4087
3943 4086
3944 4085
3980 4084
3945 3979
3946 3978
3947 3977
3948 3976
3949 3974
3950 3973
3953 3972
3951 3952
3954 3971
3955 3970
3968 3969
3956 3967
3961 3966
3957 3960
3958 3959
3962 3965
3963 3964
3981 4083
3982 4082
4080 4081
3983 4079
3984 4078
4045 4077
3985 4044
4041 4043
3986 4040
3987 4039
3994 4038
3990 3993
3988 3989
3991 3992
3995 4037
4035 4036
3996 4034
3997 4033
4002 4032
3998 4001
3999 4000
4003 4031
4004 4030
4005 4029
4027 4028
4006 4026
4012 4025
4007 4011
4008 4009
4013 4024
4014 4023
4015 4022
4016 4021
4019 4020
4017 4018
4047 4076
4054 4075
4050 4053
4048 4049
4051 4052
4067 4074
4055 4066
4057 4065
4063 4064
4058 4062
4059 4060
4068 4073
4069 4072
4070 4071
4090 4318
4091 4317
4096 4316
4094 4095
4092 4093
4097 4315
4100 4314
4098 4099
4101 4313
4134 4312
4102 4133
4131 4132
4103 4129
4104 4128
4105 4127
4108 4126
4106 4107
4109 4125
4123 4124
4116 4122
4110 4115
4113 4114
4111 4112
4118 4121
4119 4120
4296 4309
4135 4295
4274 4294
4136 4273
4137 4272
4138 4271
4139 4270
4142 4269
4140 4141
4143 4268
4146 4267
4144 4145
4265 4266
4147 4264
4224 4263
4148 4223
4149 4222
4199 4221
4150 4198
4151 4197
4195 4196
4158 4194
4152 4157
4153 4156
4154 4155
4159 4193
4166 4192
4164 4165
4160 4163
4161 4162
4171 4191
4169 4170
4167 4168
4176 4190
4172 4175
4173 4174
4177 4189
4178 4187
4185 4186
4179 4184
4180 4183
4208 4220
4204 4207
4200 4203
4201 4202
4205 4206
4209 4219
4217 4218
4211 4216
4212 4215
4213 4214
4229 4261
4225 4228
4226 4227
4258 4260
4230 4257
4231 4256
4232 4255
4233 4254
4234 4253
4238 4252
4236 4237
4246 4251
4241 4245
4239 4240
4242 4244
4247 4250
4248 4249
4277 4293
4275 4276
4278 4292
4279 4291
4286 4290
4280 4285
4283 4284
4281 4282
4287 4288
4307 4308
4297 4306
4302 4305
4298 4301
4299 4300
4303 4304
4327 4334
4328 4333
4329 4332
4343 4356
4354 4355
4344 4353
4345 4352
4348 4351
4346 4347
4349 4350
4368 4369
4385 4388
4375 4384
4382 4383
4376 4381
4379 4380
4377 4378
4386 4387
4394 4395
4415 4644
4638 4643
4420 4637
4416 4419
4417 4418
4421 4636
4425 4635
4422 4424
4631 4634
4426 4630
4429 4629
4427 4428
4589 4628
4587 4588
4444 4586
4430 4443
4431 4442
4434 4441
4432 4433
4435 4440
4436 4439
4437 4438
4584 4585
4451 4582
4445 4450
4446 4449
4447 4448
4452 4581
4487 4580
4453 4486
4454 4485
4455 4484
4467 4482
4456 4465
4463 4464
4457 4462
4460 4461
4458 4459
4468 4481
4475 4480
4469 4474
4471 4473
4478 4479
4476 4477
4488 4579
4491 4578
4489 4490
4494 4577
4492 4493
4575 4576
4495 4574
4565 4573
4496 4564
4497 4563
4498 4562
4499 4561
4557 4560
4554 4556
4507 4553
4500 4506
4504 4505
4501 4503
4508 4552
4527 4551
4513 4526
4509 4512
4510 4511
4514 4525
4517 4522
4515 4516
4520 4521
4518 4519
4540 4550
4528 4539
4529 4538
4530 4537
4535 4536
4531 4533
4541 4549
4542 4548
4544 4547
4545 4546
4558 4559
4566 4572
4568 4571
4569 4570
4616 4627
4590 4615
4591 4613
4605 4612
4596 4604
4592 4595
4593 4594
4598 4603
4599 4602
4600 4601
4610 4611
4606 4609
4607 4608
4625 4626
4617 4624
4620 4623
4618 4619
4621 4622
4632 4633
4639 4640
4661 4671
4653 4660
4658 4659
4656 4657
4654 4655
4667 4670
4662 4666
4668 4669
4682 4694
4687 4693
4683 4686
4691 4692
4688 4690
4699 4702
4700 4701
4717 4732
4713 4716
4714 4715
4718 4731
4719 4730
4726 4729
4720 4725
4721 4724
4722 4723
4727 4728
4736 4739
4737 4738
4746 4831
4747 4830
4750 4829
4748 4749
4751 4826
4752 4825
4816 4824
4814 4815
4753 4813
4757 4812
4754 4755
4758 4811
4761 4810
4759 4760
4762 4809
4807 4808
4763 4806
4764 4805
4765 4804
4800 4803
4766 4799
4797 4798
4767 4796
4768 4795
4769 4794
4770 4793
4771 4792
4784 4791
4772 4783
4773 4782
4774 4781
4775 4780
4776 4779
4777 4778
4787 4790
4785 4786
4788 4789
4817 4823
4818 4822
4819 4821
4846 5536
4844 4845
4849 5534
4847 4848
4854 5533
4850 4853
4851 4852
5530 5532
4855 5529
4856 5528
4857 5526
4858 5525
4859 5524
4860 5523
5518 5522
4939 5517
4861 4938
4862 4937
4934 4935
4863 4933
4873 4932
4864 4872
4870 4871
4865 4869
4866 4867
4874 4931
4875 4930
4881 4929
4876 4880
4877 4878
4885 4928
4882 4884
4886 4927
4912 4925
4887 4911
4888 4910
4906 4909
4889 4905
4890 4904
4891 4902
4892 4900
4893 4899
4894 4897
4895 4896
4907 4908
4920 4923
4913 4919
4914 4918
4915 4917
4921 4922
4940 5516
4941 5515
4944 5514
4942 4943
5504 5513
4947 5503
4945 4946
4949 5502
5497 5501
5493 5496
4950 5492
4951 5490
4954 5489
4952 4953
4965 5488
4961 4964
4955 4960
4956 4959
4957 4958
4962 4963
4966 5487
4967 5486
4968 5485
4982 5484
4970 4981
4971 4980
4975 4979
4972 4974
4976 4977
4987 5483
4985 4986
4983 4984
4988 5482
4993 5481
4989 4992
4990 4991
4994 5480
4995 5479
5210 5478
4996 5209
4999 5208
4997 4998
5201 5207
5000 5200
5001 5199
5094 5198
5002 5093
5003 5092
5004 5091
5005 5089
5083 5085
5006 5082
5035 5081
5007 5034
5018 5033
5016 5017
5008 5015
5009 5014
5012 5013
5010 5011
5019 5032
5020 5031
5029 5030
5021 5028
5022 5027
5025 5026
5023 5024
5070 5080
5056 5069
5036 5055
5037 5054
5038 5053
5039 5052
5041 5051
5047 5050
5044 5046
5042 5043
5048 5049
5067 5068
5057 5066
5058 5065
5059 5064
5060 5063
5061 5062
5071 5079
5077 5078
5072 5076
5073 5075
5095 5197
5096 5195
5097 5194
5135 5193
5133 5134
5098 5132
5105 5131
5099 5104
5100 5103
5101 5102
5106 5130
5107 5129
5108 5128
5109 5127
5117 5126
5115 5116
5110 5114
5112 5113
5118 5125
5121 5124
5119 5120
5142 5192
5136 5141
5139 5140
5137 5138
5143 5191
5144 5190
5147 5189
5145 5146
5148 5188
5149 5187
5150 5186
5151 5185
5183 5184
5152 5181
5153 5179
5154 5178
5155 5177
5156 5175
5158 5171
5159 5169
5160 5166
5161 5165
5162 5163
5202 5205
5203 5204
5211 5477
5222 5476
5212 5221
5219 5220
5214 5217
5215 5216
5463 5475
5461 5462
5223 5460
5224 5459
5225 5458
5226 5457
5227 5456
5228 5455
5229 5453
5423 5452
5230 5422
5231 5421
5232 5419
5233 5416
5234 5415
5347 5414
5235 5346
5236 5345
5237 5342
5238 5341
5239 5340
5336 5337
5240 5335
5244 5334
5241 5243
5245 5333
5246 5332
5250 5331
5247 5249
5254 5330
5251 5252
5288 5329
5255 5287
5285 5286
5256 5284
5259 5283
5257 5258
5262 5282
5260 5261
5263 5281
5270 5279
5264 5269
5267 5268
5265 5266
5271 5278
5272 5275
5273 5274
5289 5328
5294 5327
5290 5293
5291 5292
5301 5326
5295 5300
5296 5299
5297 5298
5308 5325
5302 5307
5303 5306
5304 5305
5320 5323
5309 5319
5310 5318
5311 5316
5312 5315
5313 5314
5321 5322
5349 5413
5350 5412
5351 5411
5352 5410
5401 5409
5399 5400
5353 5398
5356 5397
5354 5355
5357 5396
5358 5394
5388 5393
5359 5387
5360 5386
5361 5385
5363 5384
5364 5383
5371 5382
5365 5370
5368 5369
5366 5367
5372 5381
5378 5380
5375 5377
5389 5392
5390 5391
5402 5408
5403 5406
5404 5405
5424 5451
5425 5450
5430 5449
5428 5429
5426 5427
5431 5448
5434 5447
5432 5433
5439 5446
5435 5438
5436 5437
5440 5445
5441 5444
5442 5443
5473 5474
5464 5472
5465 5471
5467 5470
5468 5469
5494 5495
5498 5500
5510 5512
5505 5509
5506 5508
5519 5521
5541 5566
5544 5565
5542 5543
5552 5564
5545 5551
5546 5550
5547 5548
5553 5563
5554 5562
5555 5561
5556 5560
5557 5559
5588 5589
5583 5586
5584 5585
5613 5614
5618 5621
5619 5620
5641 5715
5626 5639
5627 5638
5630 5637
5628 5629
5633 5636
5631 5632
5634 5635
5642 5714
5697 5713
5684 5696
5643 5683
5680 5681
5644 5678
5645 5677
5646 5676
5651 5675
5647 5650
5648 5649
5652 5674
5665 5672
5661 5664
5653 5660
5658 5659
5654 5657
5655 5656
5662 5663
5666 5671
5667 5670
5668 5669
5694 5695
5685 5693
5686 5692
5687 5691
5688 5689
5698 5712
5699 5711
5700 5710
5702 5709
5706 5708
5703 5704
5734 5739
5727 5733
5728 5732
5729 5731
5735 5738
5736 5737
5743 5746
5752 5759
5753 5758
5754 5757
5755 5756
5780 5781
5806 5807
5814 5818
5816 5817
5837 5842
5835 5836
5839 5841
5854 5873
5855 5872
5856 5871
5867 5870
5857 5866
5858 5865
5862 5863
5859 5861
5868 5869
6054 6055
6024 6053
5888 6023
5889 6022
5893 6021
5890 5891
6019 6020
5894 6018
5901 6017
5895 5900
5896 5899
5897 5898
5904 6016
5902 5903
5907 6015
5905 5906
5908 6013
5911 6012
5909 5910
5912 6011
5915 6010
5913 5914
6008 6009
6004 6007
5930 6003
5916 5929
5917 5928
5918 5927
5923 5926
5919 5922
5920 5921
5924 5925
5933 6002
5931 5932
5934 6001
5947 6000
5935 5946
5936 5945
5939 5944
5937 5938
5940 5943
5941 5942
5951 5999
5948 5949
5952 5998
5953 5997
5956 5996
5954 5955
5957 5995
5958 5994
5961 5993
5959 5960
5984 5992
5972 5983
5962 5971
5964 5970
5965 5969
5966 5968
5973 5982
5980 5981
5974 5979
5975 5978
5976 5977
5985 5991
5986 5990
5987 5989
6005 6006
6027 6052
6025 6026
6037 6051
6028 6036
6029 6035
6030 6033
6031 6032
6038 6050
6043 6048
6039 6042
6040 6041
6044 6047
6045 6046
6082 6083
6077 6081
6075 6076
6078 6080
6096 6167
6094 6095
6101 6166
6097 6100
6098 6099
6109 6165
6102 6108
6106 6107
6103 6104
6110 6164
6159 6162
6111 6158
6154 6157
6150 6153
6112 6149
6113 6148
6114 6147
6121 6146
6115 6120
6116 6119
6117 6118
6129 6145
6122 6128
6123 6127
6124 6125
6143 6144
6130 6142
6140 6141
6131 6139
6132 6138
6133 6137
6134 6136
6151 6152
6155 6156
6160 6161
6175 6179
6177 6178
6198 6202
6199 6200
6209 6297
6210 6296
6211 6295
6214 6294
6212 6213
6221 6293
6219 6220
6215 6218
6216 6217
6285 6292
6224 6284
6222 6223
6225 6283
6275 6282
6226 6274
6229 6273
6227 6228
6271 6272
6234 6270
6230 6233
6231 6232
6268 6269
6255 6267
6235 6254
6236 6253
6243 6252
6237 6242
6238 6240
6244 6251
6249 6250
6246 6248
6256 6265
6259 6264
6257 6258
6260 6263
6261 6262
6280 6281
6276 6279
6277 6278
6290 6291
6286 6289
6287 6288
6371 6374
6303 6370
6304 6369
6305 6368
6308 6367
6306 6307
6347 6366
6309 6346
6310 6345
6341 6344
6311 6340
6312 6339
6320 6338
6313 6319
6314 6317
6315 6316
6333 6336
6323 6332
6321 6322
6330 6331
6324 6329
6327 6328
6325 6326
6334 6335
6342 6343
6348 6365
6351 6364
6349 6350
6356 6363
6352 6355
6353 6354
6359 6362
6357 6358
6360 6361
6372 6373
6379 6382
6394 6395
6390 6393
6387 6388
6391 6392
6405 6406
6548 6666
6413 6547
6414 6546
6536 6545
6415 6535
6416 6534
6417 6533
6530 6532
6432 6529
6422 6431
6418 6421
6419 6420
6425 6430
6423 6424
6426 6429
6427 6428
6440 6528
6433 6439
6435 6438
6436 6437
6441 6527
6442 6526
6443 6525
6444 6524
6445 6523
6446 6522
6449 6521
6447 6448
6452 6520
6450 6451
6453 6518
6454 6516
6462 6515
6455 6461
6458 6459
6456 6457
6503 6514
6487 6502
6463 6486
6483 6485
6464 6482
6465 6481
6466 6479
6470 6478
6467 6468
6476 6477
6471 6475
6472 6473
6496 6501
6488 6495
6489 6494
6490 6493
6491 6492
6499 6500
6497 6498
6504 6513
6511 6512
6505 6510
6506 6509
6507 6508
6543 6544
6537 6542
6538 6541
6549 6665
6655 6664
6550 6654
6551 6653
6552 6652
6553 6651
6563 6650
6560 6561
6554 6559
6555 6558
6556 6557
6564 6649
6565 6646
6566 6645
6567 6644
6642 6643
6628 6641
6568 6627
6625 6626
6569 6624
6572 6623
6570 6571
6607 6621
6573 6606
6576 6605
6574 6575
6579 6604
6580 6603
6581 6600
6592 6599
6588 6591
6582 6587
6583 6586
6584 6585
6589 6590
6597 6598
6593 6596
6594 6595
6619 6620
6608 6618
6609 6617
6610 6614
6629 6640
6638 6639
6630 6637
6633 6634
6631 6632
6660 6661
6656 6659
6657 6658
