2931 4218
2923 2930
0 2922
7 2921
1 6
4 5
2 3
2357 2920
8 2356
2216 2355
9 2214
12 2213
10 11
13 2212
14 2211
15 2210
21 2209
16 20
17 18
2207 2208
22 2206
25 2205
23 24
28 2204
26 27
29 2202
48 2201
30 47
33 46
31 32
44 45
34 43
37 42
35 36
40 41
38 39
49 2199
50 2198
53 2197
51 52
56 2196
54 55
59 2195
57 58
60 2194
65 2193
61 64
62 63
66 2192
2186 2191
67 2185
2177 2184
68 2175
69 2174
71 2173
72 2172
73 2171
74 2170
77 2169
75 76
78 2168
2163 2167
83 2162
79 82
80 81
84 2161
88 2160
85 87
94 2159
89 93
90 92
2156 2158
95 2155
96 2154
97 2153
106 2152
100 105
98 99
101 104
102 103
109 2151
107 108
2149 2150
110 2148
111 2147
114 2146
112 113
135 2145
115 134
116 133
131 132
117 130
118 129
125 128
119 124
120 123
121 122
126 127
136 2142
373 2141
143 372
137 142
139 140
144 371
369 370
147 368
145 146
154 367
152 153
148 151
149 150
163 366
155 162
156 161
157 160
158 159
164 365
363 364
165 362
168 361
166 167
190 360
187 188
169 186
170 185
171 184
172 183
177 182
173 176
174 175
178 181
179 180
356 357
191 355
352 353
350 351
192 349
193 348
194 347
342 346
338 341
195 337
196 336
197 335
200 334
198 199
210 333
201 209
207 208
205 206
202 204
214 332
211 213
217 331
215 216
257 330
224 256
218 223
219 220
225 254
226 253
249 252
227 248
228 247
231 246
229 230
232 245
235 244
233 234
236 243
239 242
237 238
240 241
250 251
258 329
259 328
260 327
263 326
261 262
324 325
307 323
264 306
265 305
295 304
266 294
269 293
267 268
270 292
285 291
282 284
273 281
271 272
277 278
274 276
287 288
296 303
297 302
298 301
299 300
308 322
320 321
315 319
309 314
312 313
316 318
339 340
344 345
374 2140
390 2139
375 389
384 388
380 383
376 379
377 378
381 382
385 387
391 2137
392 2136
398 2135
393 397
394 396
2133 2134
2131 2132
399 2130
407 2128
400 406
401 405
402 404
408 2127
409 2126
410 2124
411 2123
412 2122
2118 2121
417 2117
413 416
414 415
420 2116
418 419
421 2115
422 2114
426 2113
423 424
2099 2112
427 2098
428 2097
431 2096
429 430
432 2095
433 2094
446 2093
434 445
435 444
436 443
437 442
438 441
439 440
2091 2092
447 2090
2088 2089
488 2087
448 487
449 486
484 485
454 483
450 453
451 452
481 482
478 480
455 477
456 475
457 474
458 473
459 472
460 471
467 470
461 466
462 465
463 464
468 469
495 2086
493 494
489 492
490 491
497 2085
498 2084
526 2083
499 525
502 524
500 501
505 523
503 504
506 522
507 521
508 520
509 518
513 516
510 512
514 515
2079 2082
527 2078
530 2077
528 529
539 2076
531 538
534 537
532 533
535 536
2070 2071
540 2069
2067 2068
543 2066
541 542
544 2065
545 2064
2057 2063
546 2056
548 2055
549 2054
552 2053
550 551
553 2051
554 2050
555 2049
2046 2048
556 2045
2041 2044
559 2040
557 558
565 2039
560 564
561 563
566 2038
624 2037
580 623
568 579
571 578
569 570
572 577
573 576
574 575
617 622
583 616
581 582
609 615
584 608
585 607
590 606
586 589
587 588
594 605
591 593
595 604
600 603
596 599
597 598
601 602
611 614
612 613
618 621
619 620
625 2036
2034 2035
626 2033
627 2032
628 2030
630 2029
633 2028
634 2027
1919 2025
1915 1918
635 1914
636 1913
673 1912
644 672
637 643
639 642
640 641
668 671
649 667
645 648
646 647
650 666
651 665
663 664
652 662
655 659
669 670
676 1911
674 675
1907 1910
677 1906
1900 1905
678 1899
679 1898
680 1897
683 1895
681 682
684 1894
685 1893
686 1892
689 1891
687 688
690 1890
691 1888
696 1886
692 695
693 694
697 1885
698 1884
1881 1883
699 1879
700 1878
1876 1877
701 1875
704 1874
702 703
707 1873
705 706
711 1872
708 710
1765 1871
1751 1764
712 1750
1748 1749
713 1747
714 1746
1742 1745
1738 1741
715 1737
716 1736
719 1735
717 718
720 1733
725 1732
721 724
722 723
726 1731
1729 1730
727 1728
1726 1727
728 1725
735 1724
729 734
730 733
731 732
736 1723
737 1722
740 1721
738 739
741 1718
742 1717
743 1716
744 1715
1711 1714
747 1710
745 746
750 1709
748 749
751 1708
752 1707
753 1706
768 1705
765 767
754 764
757 763
755 756
759 762
760 761
769 1704
792 1702
789 790
770 788
773 787
771 772
784 785
774 783
775 781
778 779
776 777
793 1701
1699 1700
794 1698
1696 1697
797 1695
795 796
1677 1694
798 1676
799 1670
1635 1669
800 1633
801 1631
802 1630
803 1629
804 1628
1531 1627
807 1530
805 806
808 1529
1512 1528
809 1511
1509 1510
810 1508
811 1507
836 1506
833 835
814 832
812 813
815 831
821 829
816 820
817 818
827 828
822 826
823 824
873 1505
837 872
840 871
838 839
859 870
841 858
842 857
849 856
843 848
846 847
844 845
854 855
850 853
862 869
860 861
865 867
863 864
880 1504
874 879
875 878
876 877
885 1502
881 884
882 883
886 1500
887 1499
888 1498
913 1497
889 912
910 911
890 909
894 908
891 892
895 907
903 906
896 902
897 901
899 900
904 905
914 1496
915 1495
916 1494
917 1493
1484 1491
918 1483
1457 1482
924 1456
919 923
920 921
925 1455
927 1454
930 1453
928 929
931 1452
932 1451
935 1450
933 934
936 1449
1420 1448
937 1418
1416 1417
946 1415
938 945
943 944
939 942
940 941
1411 1414
947 1410
1036 1409
948 1035
951 1034
949 950
1018 1033
952 1017
1002 1016
953 1001
956 1000
954 955
963 999
957 962
960 961
958 959
970 998
964 967
965 966
971 996
972 995
973 994
982 992
978 981
976 977
974 975
983 991
984 990
985 989
986 988
1003 1015
1013 1014
1004 1012
1005 1011
1008 1009
1006 1007
1019 1032
1020 1029
1023 1027
1021 1022
1024 1026
1037 1408
1038 1407
1405 1406
1039 1404
1402 1403
1040 1401
1041 1400
1396 1399
1394 1395
1042 1393
1043 1392
1044 1391
1382 1390
1380 1381
1045 1379
1285 1378
1046 1284
1275 1283
1047 1274
1270 1273
1048 1269
1049 1268
1050 1267
1051 1266
1052 1265
1053 1264
1054 1263
1055 1262
1056 1261
1258 1260
1086 1257
1057 1085
1058 1084
1059 1083
1067 1082
1062 1066
1060 1061
1063 1065
1068 1081
1073 1080
1069 1072
1070 1071
1074 1079
1075 1078
1076 1077
1087 1256
1088 1255
1089 1254
1245 1252
1090 1244
1242 1243
1091 1241
1092 1240
1236 1239
1093 1235
1094 1234
1211 1233
1097 1210
1095 1096
1098 1209
1122 1208
1099 1121
1102 1120
1100 1101
1116 1119
1103 1115
1105 1114
1106 1112
1109 1110
1107 1108
1117 1118
1144 1207
1123 1143
1124 1142
1125 1141
1139 1140
1126 1138
1127 1137
1128 1136
1133 1134
1129 1132
1130 1131
1145 1205
1168 1204
1146 1167
1147 1166
1148 1165
1159 1162
1155 1158
1149 1154
1150 1153
1151 1152
1156 1157
1160 1161
1200 1203
1173 1199
1169 1172
1170 1171
1174 1197
1182 1195
1175 1181
1176 1179
1177 1178
1184 1194
1190 1193
1188 1189
1185 1187
1191 1192
1201 1202
1220 1231
1212 1219
1213 1218
1214 1217
1215 1216
1229 1230
1221 1228
1222 1227
1223 1226
1224 1225
1237 1238
1250 1251
1246 1249
1247 1248
1271 1272
1276 1282
1278 1281
1279 1280
1372 1377
1286 1371
1287 1370
1288 1369
1292 1368
1289 1290
1316 1365
1295 1314
1293 1294
1296 1313
1301 1312
1297 1300
1298 1299
1302 1307
1303 1306
1304 1305
1317 1364
1320 1362
1318 1319
1321 1361
1326 1360
1322 1325
1323 1324
1337 1359
1327 1335
1328 1331
1329 1330
1349 1358
1338 1347
1339 1346
1340 1345
1343 1344
1341 1342
1350 1356
1351 1355
1352 1353
1375 1376
1373 1374
1383 1389
1386 1388
1384 1385
1397 1398
1412 1413
1421 1447
1426 1446
1424 1425
1422 1423
1431 1445
1427 1430
1428 1429
1441 1444
1432 1440
1433 1439
1436 1437
1434 1435
1442 1443
1476 1481
1458 1475
1465 1474
1463 1464
1459 1462
1460 1461
1472 1473
1466 1471
1467 1470
1468 1469
1477 1480
1478 1479
1485 1489
1486 1488
1515 1527
1513 1514
1516 1526
1519 1525
1517 1518
1523 1524
1520 1522
1625 1626
1532 1624
1533 1623
1534 1622
1535 1621
1536 1620
1618 1619
1541 1617
1537 1540
1538 1539
1560 1616
1542 1559
1547 1558
1543 1546
1544 1545
1554 1557
1550 1551
1548 1549
1581 1615
1562 1580
1563 1579
1577 1578
1572 1576
1569 1571
1564 1568
1573 1574
1582 1613
1583 1612
1585 1610
1586 1609
1600 1608
1587 1599
1588 1598
1589 1597
1595 1596
1591 1594
1592 1593
1601 1607
1605 1606
1602 1604
1664 1668
1638 1663
1636 1637
1639 1662
1645 1661
1640 1644
1642 1643
1646 1660
1651 1659
1649 1650
1647 1648
1652 1657
1653 1656
1665 1667
1680 1693
1678 1679
1691 1692
1687 1690
1681 1686
1688 1689
1712 1713
1739 1740
1762 1763
1752 1761
1753 1760
1756 1759
1754 1755
1757 1758
1866 1870
1766 1865
1863 1864
1767 1862
1768 1861
1769 1860
1841 1859
1770 1840
1771 1839
1795 1838
1772 1794
1773 1793
1775 1792
1778 1791
1776 1777
1779 1790
1780 1789
1781 1786
1783 1784
1798 1837
1796 1797
1799 1836
1803 1835
1833 1834
1830 1832
1804 1829
1805 1828
1808 1827
1806 1807
1813 1826
1811 1812
1809 1810
1814 1825
1815 1824
1816 1823
1817 1820
1818 1819
1857 1858
1842 1856
1843 1855
1853 1854
1844 1852
1846 1851
1847 1848
1867 1869
1901 1904
1902 1903
1908 1909
1947 2023
1929 1946
1920 1928
1921 1927
1922 1926
1923 1924
1930 1945
1931 1944
1934 1943
1932 1933
1941 1942
1939 1940
1935 1938
1936 1937
1949 2022
1950 2021
1951 2020
1952 2019
1953 2017
1954 2016
1955 2015
2013 2014
1956 2012
1959 2011
1957 1958
1960 2010
1961 2009
1974 2006
1970 1973
1962 1969
1963 1968
1971 1972
1997 2005
1975 1996
1982 1993
1978 1979
1983 1989
1984 1988
1985 1986
1998 2004
2001 2003
1999 2000
2042 2043
2059 2062
2060 2061
2080 2081
2100 2111
2101 2110
2102 2109
2103 2108
2104 2107
2105 2106
2119 2120
2164 2165
2182 2183
2178 2181
2179 2180
2187 2190
2188 2189
2217 2354
2218 2353
2348 2351
2341 2347
2219 2340
2220 2339
2221 2338
2246 2337
2222 2245
2225 2244
2226 2243
2227 2242
2228 2241
2229 2239
2230 2238
2236 2237
2231 2235
2232 2234
2247 2336
2248 2335
2260 2334
2249 2259
2257 2258
2250 2256
2251 2255
2252 2254
2261 2333
2331 2332
2262 2330
2263 2329
2311 2328
2264 2310
2267 2309
2265 2266
2305 2308
2268 2304
2284 2303
2282 2283
2269 2281
2270 2280
2272 2279
2275 2278
2273 2274
2276 2277
2285 2302
2286 2301
2293 2300
2289 2292
2287 2288
2290 2291
2294 2299
2295 2298
2306 2307
2312 2326
2324 2325
2315 2323
2313 2314
2316 2322
2317 2321
2318 2320
2343 2346
2349 2350
2882 2918
2867 2881
2358 2866
2359 2865
2362 2862
2360 2361
2363 2860
2852 2859
2364 2851
2849 2850
2365 2848
2844 2847
2366 2843
2404 2842
2367 2403
2368 2402
2369 2401
2373 2400
2370 2372
2380 2399
2374 2377
2375 2376
2381 2398
2383 2397
2394 2395
2390 2393
2384 2389
2385 2388
2386 2387
2391 2392
2833 2841
2427 2832
2405 2426
2406 2424
2407 2423
2419 2422
2408 2418
2411 2415
2409 2410
2412 2414
2420 2421
2467 2831
2428 2466
2429 2465
2430 2464
2434 2463
2431 2433
2438 2462
2435 2437
2439 2461
2446 2460
2444 2445
2440 2443
2441 2442
2447 2459
2452 2458
2448 2451
2449 2450
2453 2457
2454 2456
2829 2830
2572 2828
2468 2571
2469 2570
2568 2569
2540 2567
2470 2539
2473 2538
2471 2472
2536 2537
2474 2535
2475 2534
2476 2532
2502 2531
2477 2501
2478 2500
2479 2499
2480 2498
2483 2497
2481 2482
2485 2494
2492 2493
2486 2491
2487 2490
2503 2530
2506 2529
2504 2505
2507 2528
2508 2527
2509 2526
2515 2525
2510 2514
2511 2512
2516 2524
2517 2523
2518 2522
2519 2521
2541 2566
2562 2565
2542 2561
2543 2560
2544 2557
2550 2556
2545 2549
2546 2548
2553 2554
2551 2552
2563 2564
2573 2827
2821 2826
2795 2820
2574 2794
2577 2793
2575 2576
2581 2792
2578 2580
2786 2791
2582 2785
2583 2784
2780 2783
2584 2779
2585 2778
2586 2777
2589 2776
2587 2588
2774 2775
2590 2773
2591 2770
2766 2767
2605 2765
2592 2604
2593 2603
2594 2602
2595 2601
2596 2599
2597 2598
2757 2764
2753 2756
2606 2752
2608 2751
2609 2750
2610 2749
2622 2748
2611 2621
2612 2620
2613 2619
2614 2618
2615 2616
2738 2747
2623 2737
2624 2736
2634 2733
2632 2633
2625 2631
2629 2630
2627 2628
2714 2732
2640 2713
2635 2639
2636 2638
2641 2712
2642 2711
2643 2710
2644 2709
2645 2708
2646 2707
2657 2706
2647 2656
2648 2655
2651 2654
2649 2650
2652 2653
2658 2705
2659 2704
2662 2703
2660 2661
2665 2702
2663 2664
2699 2701
2666 2698
2695 2696
2689 2694
2667 2688
2668 2687
2679 2686
2669 2678
2672 2677
2670 2671
2673 2676
2674 2675
2684 2685
2682 2683
2680 2681
2690 2693
2691 2692
2717 2731
2715 2716
2718 2730
2721 2729
2719 2720
2725 2728
2722 2724
2745 2746
2739 2744
2740 2743
2741 2742
2754 2755
2762 2763
2758 2761
2759 2760
2781 2782
2787 2790
2788 2789
2814 2819
2796 2813
2797 2812
2798 2811
2807 2810
2799 2806
2800 2805
2801 2804
2802 2803
2808 2809
2815 2818
2816 2817
2824 2825
2822 2823
2834 2840
2835 2838
2836 2837
2845 2846
2853 2858
2854 2857
2855 2856
2870 2880
2868 2869
2873 2879
2871 2872
2874 2877
2875 2876
2887 2917
2883 2886
2884 2885
2890 2916
2888 2889
2895 2915
2891 2894
2892 2893
2897 2914
2911 2912
2898 2909
2899 2908
2900 2907
2901 2906
2904 2905
2902 2903
2924 2929
2925 2928
2926 2927
4116 4215
3129 4115
2932 3128
2933 3127
2934 3126
2935 3124
2974 3122
2936 2973
2939 2972
2937 2938
2946 2971
2940 2945
2941 2944
2942 2943
2951 2970
2947 2950
2952 2969
2957 2968
2953 2956
2954 2955
2958 2967
2963 2966
2959 2962
2960 2961
2964 2965
2975 3121
3014 3120
2976 3013
2977 3012
2988 3011
2980 2987
2978 2979
2985 2986
2982 2984
3007 3010
2989 3006
2992 3005
2990 2991
2993 3004
2998 3003
2994 2997
2995 2996
2999 3002
3000 3001
3008 3009
3015 3119
3016 3118
3019 3116
3020 3115
3021 3113
3024 3112
3022 3023
3110 3111
3025 3109
3026 3108
3063 3107
3034 3062
3027 3033
3028 3032
3029 3030
3060 3061
3058 3059
3035 3057
3036 3056
3054 3055
3043 3053
3037 3042
3038 3041
3039 3040
3044 3051
3045 3050
3046 3049
3047 3048
3066 3106
3064 3065
3067 3105
3068 3104
3073 3103
3069 3072
3070 3071
3074 3102
3084 3100
3075 3083
3077 3082
3080 3081
3088 3099
3085 3087
3089 3098
3094 3097
3090 3093
3091 3092
3095 3096
3318 4114
3130 3317
3253 3316
3131 3252
3136 3251
3132 3135
3133 3134
3137 3250
3138 3249
3146 3248
3140 3145
3141 3143
3147 3246
3244 3245
3150 3243
3148 3149
3151 3242
3189 3241
3152 3188
3153 3186
3154 3185
3179 3184
3155 3178
3156 3177
3164 3175
3158 3163
3161 3162
3159 3160
3165 3174
3166 3173
3167 3172
3168 3171
3169 3170
3180 3183
3181 3182
3190 3240
3191 3239
3192 3236
3193 3234
3197 3233
3195 3196
3200 3232
3198 3199
3201 3231
3202 3230
3211 3229
3203 3210
3208 3209
3204 3207
3205 3206
3212 3228
3213 3227
3214 3226
3219 3225
3217 3218
3215 3216
3220 3224
3282 3315
3254 3281
3279 3280
3255 3278
3256 3277
3257 3276
3271 3272
3267 3270
3258 3266
3263 3264
3259 3262
3260 3261
3268 3269
3283 3314
3306 3313
3302 3305
3284 3301
3285 3300
3286 3299
3287 3298
3288 3297
3289 3296
3290 3295
3291 3294
3292 3293
3303 3304
3307 3312
3310 3311
3308 3309
3591 4111
3426 3590
3395 3425
3319 3394
3320 3393
3377 3392
3321 3376
3322 3374
3323 3373
3352 3372
3324 3351
3325 3350
3326 3349
3327 3348
3328 3347
3331 3346
3329 3330
3342 3345
3332 3341
3333 3340
3334 3339
3335 3338
3343 3344
3353 3371
3354 3369
3359 3368
3355 3358
3356 3357
3364 3366
3360 3363
3361 3362
3378 3391
3389 3390
3379 3388
3382 3387
3380 3381
3383 3386
3384 3385
3396 3424
3403 3423
3401 3402
3397 3400
3398 3399
3404 3422
3411 3421
3405 3410
3406 3409
3412 3419
3415 3418
3413 3414
3459 3589
3457 3458
3427 3456
3428 3455
3433 3454
3429 3432
3430 3431
3434 3453
3435 3452
3450 3451
3436 3449
3439 3448
3437 3438
3440 3447
3441 3445
3442 3444
3460 3588
3466 3587
3461 3464
3462 3463
3467 3585
3474 3584
3468 3473
3469 3472
3470 3471
3475 3583
3476 3581
3477 3580
3568 3578
3479 3567
3480 3566
3487 3565
3484 3486
3498 3564
3490 3497
3488 3489
3491 3496
3492 3495
3493 3494
3499 3563
3553 3562
3551 3552
3500 3550
3504 3548
3501 3502
3505 3547
3542 3546
3540 3541
3506 3539
3508 3537
3517 3536
3509 3516
3510 3515
3511 3512
3529 3534
3518 3528
3519 3527
3523 3526
3520 3522
3524 3525
3530 3533
3543 3545
3554 3561
3557 3560
3555 3556
3558 3559
3571 3577
3569 3570
3574 3576
3572 3573
3592 4109
3731 4108
3593 3730
3715 3729
3713 3714
3594 3712
3595 3711
3601 3710
3596 3600
3597 3598
3602 3709
3641 3708
3613 3640
3603 3612
3604 3611
3605 3610
3606 3609
3607 3608
3614 3639
3617 3637
3615 3616
3618 3636
3619 3635
3621 3634
3622 3633
3623 3632
3624 3631
3625 3630
3626 3629
3627 3628
3656 3707
3654 3655
3642 3653
3643 3652
3648 3651
3644 3647
3645 3646
3649 3650
3657 3706
3701 3705
3658 3697
3661 3696
3659 3660
3666 3695
3664 3665
3662 3663
3667 3694
3668 3693
3671 3690
3678 3688
3674 3677
3679 3687
3680 3686
3681 3683
3702 3704
3725 3728
3716 3724
3717 3723
3718 3722
3719 3720
3726 3727
3732 4107
3736 4106
3741 4104
3737 3740
3738 3739
3742 4103
3743 4102
3744 4101
3840 4100
3756 3839
3745 3755
3746 3754
3752 3753
3747 3751
3748 3750
3757 3838
3758 3837
3832 3836
3759 3831
3821 3830
3760 3820
3817 3819
3761 3816
3763 3815
3766 3814
3764 3765
3767 3813
3811 3812
3770 3810
3768 3769
3771 3809
3772 3808
3773 3807
3805 3806
3774 3804
3789 3803
3785 3788
3775 3784
3776 3783
3777 3782
3778 3781
3779 3780
3786 3787
3792 3802
3790 3791
3793 3800
3794 3799
3795 3796
3824 3829
3822 3823
3825 3828
3826 3827
3834 3835
4010 4099
3848 4009
3841 3847
3842 3846
3843 3844
3929 4008
3849 3927
3923 3926
3850 3920
3851 3919
3852 3918
3909 3917
3853 3908
3854 3906
3855 3905
3856 3903
3861 3902
3857 3860
3858 3859
3864 3900
3862 3863
3865 3898
3866 3896
3883 3895
3871 3882
3867 3870
3868 3869
3872 3881
3873 3880
3874 3879
3875 3878
3876 3877
3887 3894
3885 3886
3888 3891
3889 3890
3913 3914
3931 4007
4003 4004
3935 4001
3997 4000
3936 3996
3994 3995
3937 3993
3990 3991
3938 3989
3941 3987
3943 3986
3944 3985
3945 3984
3946 3983
3969 3982
3947 3968
3948 3966
3964 3965
3949 3963
3950 3962
3959 3961
3951 3958
3952 3957
3953 3956
3954 3955
3970 3981
3971 3980
3978 3979
3972 3977
3973 3974
3998 3999
4096 4097
4011 4095
4012 4094
4013 4093
4014 4092
4015 4091
4016 4090
4018 4089
4019 4088
4080 4087
4020 4077
4021 4076
4074 4075
4022 4073
4023 4072
4070 4071
4024 4069
4025 4068
4061 4065
4037 4059
4026 4036
4027 4035
4031 4034
4028 4029
4032 4033
4040 4058
4038 4039
4041 4057
4044 4056
4042 4043
4048 4055
4045 4047
4053 4054
4051 4052
4049 4050
4062 4063
4082 4085
4083 4084
4137 4212
4130 4136
4118 4129
4119 4128
4124 4127
4120 4123
4121 4122
4125 4126
4134 4135
4131 4133
4138 4211
4141 4210
4139 4140
4208 4209
4142 4207
4143 4206
4204 4205
4144 4203
4145 4202
4146 4201
4166 4200
4147 4165
4162 4164
4148 4161
4149 4160
4156 4159
4154 4155
4150 4153
4151 4152
4157 4158
4173 4199
4167 4172
4168 4171
4197 4198
4180 4196
4174 4179
4177 4178
4175 4176
4189 4195
4181 4187
4182 4183
4190 4193
4191 4192
