9617 10325
2 9616
0 1
4 9615
9605 9614
5 9604
24 9603
6 23
9 22
7 8
10 19
11 18
14 16
12 13
9599 9602
25 9598
26 9597
28 9596
29 9595
30 9594
33 9592
31 32
42 9591
34 41
35 40
36 39
37 38
43 9590
44 9589
45 9588
46 9587
47 9586
50 9585
48 49
9582 9583
53 9581
51 52
54 9580
55 9579
56 9577
57 9576
58 9575
9573 9574
59 9572
62 9571
60 61
63 9570
65 9569
66 9568
67 9567
68 9566
69 9565
71 9564
97 9563
73 96
80 95
74 79
75 78
76 77
82 94
87 93
85 86
83 84
88 92
89 91
98 9562
99 9561
101 9560
103 9559
104 9558
9556 9557
9546 9555
105 9545
106 9544
107 9543
9490 9542
108 9489
111 9488
109 110
112 9487
113 9486
114 9484
119 9483
115 118
116 117
128 9482
120 127
121 126
122 125
123 124
131 9481
129 130
134 9480
132 133
9478 9479
135 9477
136 9476
143 9475
137 142
138 140
144 9473
145 9472
148 9471
146 147
9460 9470
9450 9459
149 9449
151 9448
9446 9447
152 9445
153 9444
156 9443
154 155
157 9441
161 9440
158 160
9431 9439
222 9430
162 221
163 220
164 219
165 218
166 216
211 215
169 210
172 207
170 171
176 206
173 175
204 205
177 203
178 202
179 199
193 196
191 192
180 190
181 188
186 187
184 185
182 183
194 195
223 9429
224 9428
225 9427
226 9426
227 9425
228 9424
229 9423
9421 9422
9419 9420
230 9418
231 9417
232 9416
239 9414
237 238
233 236
234 235
240 9413
241 9412
9394 9410
242 9393
243 9392
244 9391
245 9390
248 9389
246 247
249 9388
263 9387
252 262
250 251
254 261
255 260
256 259
257 258
277 9386
264 276
272 275
265 271
266 270
267 269
273 274
278 9385
279 9384
280 9383
281 9381
7923 9380
7913 7922
282 7912
285 7911
446 7910
286 445
287 444
288 443
289 442
290 441
295 440
291 294
292 293
296 439
298 438
434 437
299 433
302 432
300 301
303 431
304 430
305 428
312 427
306 311
307 310
308 309
315 426
313 314
364 424
316 363
317 362
318 361
319 360
358 359
338 357
336 337
320 335
331 334
321 330
322 329
323 328
324 327
325 326
332 333
339 356
340 355
341 353
346 352
342 345
343 344
347 351
348 350
365 423
366 422
367 421
419 420
413 418
368 412
369 411
372 410
370 371
376 409
373 374
379 408
377 378
380 407
381 406
382 405
385 403
383 384
388 402
386 387
393 401
389 392
390 391
399 400
394 398
395 396
414 417
415 416
435 436
7908 7909
7906 7907
447 7905
448 7904
7785 7903
449 7784
450 7781
451 7780
452 7778
453 7777
7775 7776
454 7774
455 7773
456 7772
7767 7769
457 7766
460 7764
458 459
7762 7763
461 7761
462 7760
7753 7759
463 7752
7720 7751
464 7719
465 7717
466 7716
467 7715
468 7713
469 7712
7701 7711
470 7700
473 7699
471 472
474 7698
475 7697
7672 7696
476 7671
7668 7669
477 7666
478 7665
479 7664
480 7663
481 7662
482 7661
7603 7660
483 7601
484 7600
485 7599
486 7598
491 7597
489 490
487 488
7590 7595
492 7589
493 7588
7569 7587
494 7568
495 7567
7538 7566
497 7537
1275 7536
498 1274
499 1273
502 1272
500 501
507 1270
503 506
504 505
1266 1269
1262 1265
508 1261
1259 1260
509 1258
510 1256
1254 1255
511 1253
1122 1252
512 1121
513 1120
514 1119
1085 1118
519 1084
515 518
516 517
1081 1083
520 1080
521 1079
524 1078
522 523
1074 1077
525 1073
526 1072
529 1071
527 528
530 1070
531 1069
571 1068
532 570
533 569
564 568
534 563
561 562
535 560
536 559
537 558
538 557
555 556
549 554
539 548
540 547
541 546
542 545
543 544
550 553
551 552
565 566
572 1066
573 1065
1060 1063
583 1059
574 582
579 581
575 578
576 577
584 1058
585 1057
1055 1056
586 1054
587 1053
588 1052
591 1051
589 590
1040 1050
592 1039
593 1038
594 1037
1034 1036
595 1033
596 1032
601 1031
597 600
598 599
602 1030
603 1029
604 1028
623 1027
605 622
606 621
607 620
608 619
611 618
609 610
616 617
612 615
613 614
1022 1026
643 1021
632 642
624 631
625 630
626 629
627 628
633 641
634 640
635 639
636 637
1016 1020
644 1015
645 1014
648 1013
646 647
649 1012
904 1011
890 903
886 889
650 885
883 884
651 882
652 881
655 880
653 654
656 879
871 878
657 870
658 869
659 868
660 867
661 866
662 865
663 864
664 863
667 862
665 666
668 861
669 860
678 858
676 677
670 675
671 674
672 673
679 857
855 856
680 854
681 853
696 852
682 695
683 694
684 693
687 692
685 686
688 691
689 690
711 850
697 710
698 708
699 707
705 706
700 703
701 702
712 849
827 848
713 826
725 824
714 724
715 723
716 722
720 721
717 719
726 823
727 822
735 821
728 734
729 733
730 732
736 820
738 818
812 817
739 811
759 810
740 758
756 757
754 755
741 753
742 752
749 751
747 748
745 746
743 744
760 809
805 808
775 804
761 774
762 773
763 772
764 771
765 770
766 768
781 803
776 779
777 778
782 802
800 801
783 799
794 798
784 793
785 792
786 791
787 790
788 789
795 797
806 807
815 816
813 814
844 847
828 843
829 841
830 839
831 838
836 837
834 835
832 833
845 846
874 877
872 873
887 888
892 902
895 901
893 894
896 900
897 898
905 1010
1006 1009
906 1005
909 1004
907 908
910 1002
911 1001
973 1000
971 972
912 970
915 969
913 914
916 968
917 967
965 966
918 964
956 963
949 955
919 948
946 947
920 945
923 944
941 943
924 940
925 939
927 937
928 936
932 934
930 931
950 954
951 952
957 962
960 961
958 959
974 998
975 997
976 996
979 995
977 978
980 994
991 992
981 990
984 989
982 983
987 988
985 986
1007 1008
1017 1019
1023 1024
1041 1049
1042 1048
1043 1047
1044 1046
1061 1062
1075 1076
1116 1117
1086 1115
1087 1114
1088 1112
1089 1111
1092 1110
1093 1109
1107 1108
1100 1106
1094 1099
1097 1098
1095 1096
1101 1105
1103 1104
1250 1251
1246 1249
1123 1245
1126 1244
1124 1125
1127 1243
1184 1242
1182 1183
1128 1181
1129 1180
1130 1179
1131 1178
1133 1177
1134 1176
1136 1175
1138 1174
1150 1173
1139 1149
1146 1148
1140 1145
1141 1143
1152 1172
1155 1171
1153 1154
1161 1170
1156 1160
1157 1159
1167 1169
1162 1166
1163 1165
1201 1241
1185 1200
1186 1199
1197 1198
1191 1196
1187 1190
1188 1189
1194 1195
1192 1193
1202 1240
1203 1239
1229 1238
1204 1228
1210 1227
1208 1209
1205 1207
1212 1226
1223 1225
1213 1222
1214 1221
1217 1220
1218 1219
1230 1237
1235 1236
1231 1234
1232 1233
1247 1248
1263 1264
7534 7535
1276 7533
1278 7532
1281 7530
1279 1280
1284 7529
1288 7528
1285 1287
1289 7527
1292 7526
1290 1291
1293 7524
1294 7523
1295 7522
1369 7521
1298 1368
1296 1297
1299 1367
1309 1366
1305 1308
1300 1304
1301 1302
1306 1307
1310 1365
1363 1364
1311 1362
1312 1361
1345 1360
1342 1344
1333 1341
1313 1332
1322 1331
1314 1321
1315 1320
1318 1319
1316 1317
1329 1330
1323 1328
1324 1327
1325 1326
1334 1340
1336 1339
1337 1338
1358 1359
1349 1357
1346 1347
1355 1356
1350 1354
1351 1353
7472 7520
7470 7471
1370 7469
1371 7468
1372 7466
7462 7465
1373 7461
1375 7460
1380 7458
1378 1379
1376 1377
1395 7457
1383 1394
1381 1382
1388 1393
1384 1387
1385 1386
1389 1392
1390 1391
1398 7456
1396 1397
1399 7455
3497 7453
1400 3496
1401 3495
1402 3494
1405 3493
1403 1404
1408 3492
1406 1407
1443 3491
1409 1442
1414 1441
1410 1413
1415 1439
1437 1438
1425 1436
1423 1424
1416 1422
1417 1421
1418 1420
1430 1435
1426 1429
1427 1428
1433 1434
1431 1432
1444 3490
1445 3489
1446 3488
1447 3487
1450 3486
1448 1449
1705 3483
1700 1704
1451 1699
1452 1698
1696 1697
1484 1695
1453 1483
1454 1482
1455 1481
1456 1480
1457 1479
1464 1478
1462 1463
1458 1461
1459 1460
1476 1477
1465 1475
1466 1474
1467 1472
1468 1471
1469 1470
1503 1694
1485 1502
1486 1501
1499 1500
1487 1498
1488 1497
1489 1496
1491 1495
1492 1494
1518 1693
1516 1517
1504 1515
1510 1514
1505 1509
1506 1508
1511 1513
1521 1692
1519 1520
1690 1691
1522 1689
1523 1688
1524 1687
1525 1686
1684 1685
1526 1683
1623 1682
1527 1621
1619 1620
1528 1618
1529 1617
1539 1616
1532 1537
1530 1531
1533 1536
1534 1535
1544 1615
1540 1543
1541 1542
1613 1614
1550 1612
1545 1549
1546 1548
1555 1611
1551 1554
1552 1553
1556 1610
1557 1609
1601 1608
1560 1600
1558 1559
1562 1599
1588 1598
1563 1587
1564 1586
1575 1584
1571 1574
1569 1570
1565 1568
1566 1567
1572 1573
1576 1583
1577 1582
1578 1581
1579 1580
1589 1597
1595 1596
1590 1594
1591 1592
1604 1607
1602 1603
1605 1606
1624 1681
1625 1680
1626 1679
1627 1678
1658 1677
1628 1657
1653 1656
1629 1652
1630 1651
1645 1650
1631 1644
1639 1643
1633 1638
1634 1637
1635 1636
1640 1641
1647 1648
1654 1655
1659 1676
1660 1675
1673 1674
1661 1672
1668 1671
1666 1667
1662 1665
1663 1664
1669 1670
1701 1702
1706 3482
1709 3481
1707 1708
1710 3480
3477 3479
1711 3476
1712 3475
1713 3474
1716 3470
1714 1715
1717 3469
1719 3468
1722 3467
1720 1721
3462 3466
1723 3460
3452 3459
1724 3451
1725 3449
3418 3448
1726 3417
1730 3416
1728 1729
1731 3415
1736 3414
1732 1735
1733 1734
1737 3413
1740 3411
1738 1739
1743 3410
1741 1742
1744 3409
1745 3408
3192 3406
1746 3191
1747 3190
1748 3189
3169 3188
1749 3168
1752 3167
1750 1751
3163 3166
2630 3162
1753 2629
1754 2628
2625 2627
1755 2624
1756 2623
1904 2622
1757 1903
1758 1901
1759 1900
1760 1899
1780 1898
1761 1779
1764 1778
1762 1763
1772 1777
1770 1771
1768 1769
1765 1767
1773 1775
1781 1897
1782 1896
1891 1895
1783 1890
1885 1889
1786 1884
1784 1785
1795 1883
1787 1794
1788 1793
1789 1792
1798 1882
1796 1797
1799 1881
1879 1880
1877 1878
1800 1876
1801 1875
1802 1874
1803 1873
1804 1872
1805 1871
1825 1870
1806 1824
1807 1823
1810 1822
1808 1809
1811 1821
1814 1820
1812 1813
1815 1818
1816 1817
1828 1869
1826 1827
1830 1868
1831 1867
1847 1866
1832 1846
1833 1844
1834 1843
1835 1842
1840 1841
1836 1839
1848 1865
1850 1864
1857 1863
1851 1856
1852 1855
1853 1854
1860 1862
1858 1859
1887 1888
1892 1894
1905 2621
1906 2620
1909 2619
1907 1908
1910 2618
1930 2616
1911 1929
1913 1928
1914 1927
1917 1926
1920 1925
1918 1919
1923 1924
1921 1922
2408 2615
1931 2407
1932 2406
2402 2405
1933 2401
2399 2400
1934 2398
1935 2396
2391 2395
1936 2390
1937 2389
1938 2388
1939 2387
2380 2386
1940 2379
1944 2378
1942 1943
2059 2377
1945 2057
1948 2056
1946 1947
1949 2055
1950 2054
2051 2052
1951 2050
1952 2049
2039 2048
1953 2038
1956 2037
1954 1955
2034 2036
1957 2033
2028 2032
1958 2027
1969 2026
1963 1968
1959 1962
1960 1961
1964 1967
1965 1966
2015 2024
1970 2014
1983 2013
1971 1982
1980 1981
1972 1977
1973 1976
1974 1975
1984 2012
1985 2011
1986 2010
1988 2009
2004 2008
1997 2003
1989 1996
1990 1995
1991 1994
1998 2002
1999 2001
2006 2007
2016 2023
2017 2022
2018 2021
2029 2031
2040 2047
2044 2045
2041 2042
2361 2376
2359 2360
2060 2358
2061 2357
2062 2356
2063 2355
2064 2354
2065 2353
2072 2352
2066 2071
2067 2070
2068 2069
2073 2351
2347 2350
2074 2346
2075 2345
2085 2344
2080 2084
2076 2079
2077 2078
2081 2083
2086 2343
2263 2341
2087 2262
2088 2261
2259 2260
2089 2258
2256 2257
2090 2255
2128 2254
2091 2127
2092 2126
2096 2125
2093 2095
2097 2124
2100 2123
2098 2099
2119 2122
2101 2118
2108 2117
2102 2107
2105 2106
2109 2114
2110 2113
2111 2112
2120 2121
2137 2253
2132 2136
2130 2131
2133 2134
2251 2252
2138 2250
2139 2249
2140 2248
2143 2246
2141 2142
2244 2245
2144 2243
2145 2242
2146 2240
2147 2239
2152 2238
2148 2151
2149 2150
2154 2237
2155 2235
2156 2234
2157 2233
2231 2232
2221 2230
2158 2220
2159 2218
2160 2217
2162 2216
2163 2215
2213 2214
2203 2212
2164 2202
2165 2201
2166 2199
2176 2198
2167 2175
2168 2174
2169 2170
2194 2197
2181 2193
2177 2180
2178 2179
2182 2192
2184 2190
2185 2189
2186 2187
2195 2196
2207 2210
2204 2206
2208 2209
2226 2229
2222 2225
2223 2224
2227 2228
2290 2340
2273 2289
2264 2272
2265 2270
2266 2269
2274 2288
2275 2285
2279 2284
2276 2277
2282 2283
2280 2281
2291 2339
2295 2338
2292 2294
2302 2337
2296 2301
2297 2300
2303 2336
2313 2335
2304 2312
2305 2311
2306 2310
2307 2309
2314 2334
2319 2333
2315 2318
2316 2317
2320 2330
2321 2329
2323 2328
2324 2327
2325 2326
2348 2349
2369 2374
2362 2368
2363 2367
2365 2366
2370 2373
2371 2372
2382 2385
2383 2384
2392 2394
2403 2404
2409 2614
2410 2613
2583 2612
2581 2582
2411 2580
2417 2579
2415 2416
2412 2414
2547 2578
2418 2546
2419 2545
2420 2544
2425 2543
2421 2424
2422 2423
2426 2541
2427 2540
2428 2539
2431 2538
2429 2430
2434 2537
2432 2433
2449 2536
2437 2448
2435 2436
2438 2447
2439 2446
2444 2445
2440 2443
2441 2442
2450 2535
2451 2533
2452 2531
2529 2530
2454 2528
2455 2527
2456 2526
2497 2525
2493 2496
2457 2492
2481 2491
2458 2480
2459 2479
2464 2478
2460 2463
2461 2462
2466 2477
2467 2476
2468 2475
2469 2474
2472 2473
2470 2471
2482 2490
2488 2489
2483 2487
2485 2486
2494 2495
2498 2524
2507 2523
2499 2506
2503 2505
2500 2501
2512 2522
2508 2511
2509 2510
2513 2520
2514 2519
2515 2518
2548 2576
2553 2575
2549 2552
2550 2551
2557 2574
2554 2556
2561 2573
2558 2559
2562 2572
2563 2571
2564 2570
2567 2568
2584 2610
2587 2609
2585 2586
2607 2608
2603 2606
2588 2602
2591 2601
2589 2590
2592 2600
2598 2599
2593 2596
2594 2595
2604 2605
2631 3161
2632 3160
2633 3159
2634 3158
2635 3156
2636 3155
3148 3153
2637 3147
2640 3146
2638 2639
2641 3145
2642 3144
3141 3142
2643 3140
2650 3138
2645 2649
2646 2648
2923 3137
2651 2922
2654 2921
2652 2653
2919 2920
2915 2918
2655 2914
2676 2913
2656 2675
2657 2674
2672 2673
2667 2670
2658 2666
2659 2665
2660 2663
2668 2669
2911 2912
2677 2909
2907 2908
2878 2906
2678 2877
2679 2876
2680 2875
2681 2874
2685 2873
2682 2684
2686 2872
2687 2871
2688 2869
2689 2868
2831 2867
2690 2830
2826 2829
2691 2825
2777 2824
2692 2776
2693 2775
2694 2774
2696 2773
2698 2772
2699 2771
2710 2769
2700 2709
2705 2708
2701 2704
2702 2703
2706 2707
2764 2767
2758 2763
2711 2757
2712 2756
2713 2755
2749 2754
2714 2748
2735 2747
2733 2734
2715 2732
2716 2731
2726 2730
2722 2725
2720 2721
2717 2719
2723 2724
2727 2729
2740 2746
2736 2739
2737 2738
2741 2745
2742 2744
2750 2753
2759 2762
2760 2761
2765 2766
2778 2823
2779 2822
2780 2821
2781 2820
2784 2819
2782 2783
2787 2818
2785 2786
2790 2815
2788 2789
2793 2814
2791 2792
2804 2813
2794 2803
2797 2802
2795 2796
2798 2800
2807 2812
2808 2811
2809 2810
2827 2828
2837 2865
2833 2836
2834 2835
2838 2864
2840 2863
2846 2862
2844 2845
2841 2843
2847 2861
2848 2860
2853 2859
2851 2852
2849 2850
2854 2858
2855 2857
2902 2905
2879 2901
2880 2900
2881 2899
2882 2897
2895 2896
2883 2894
2886 2893
2889 2892
2887 2888
2890 2891
2903 2904
2916 2917
2924 3136
2925 3135
2926 3134
2951 3133
2927 2950
2930 2949
2928 2929
2947 2948
2942 2946
2931 2941
2932 2940
2933 2939
2934 2938
2935 2936
2943 2945
2954 3132
2952 2953
2955 3131
3129 3130
2956 3128
2957 3127
3122 3126
2958 3121
2959 3120
2960 3119
2961 3118
2964 3117
2962 2963
2965 3115
2968 3114
2966 2967
2969 3113
2970 3112
3073 3111
3065 3071
2971 3064
2972 3063
2975 3062
2973 2974
2976 3061
3041 3060
2977 3040
3038 3039
3036 3037
2978 3035
2979 3034
2980 3033
2982 3032
3015 3031
3009 3014
2983 3008
3006 3007
3004 3005
2984 3003
2986 3002
2987 3001
2997 3000
2988 2996
2991 2995
2989 2990
2992 2994
2998 2999
3012 3013
3010 3011
3019 3030
3020 3029
3021 3028
3022 3027
3023 3026
3024 3025
3058 3059
3042 3057
3043 3056
3044 3054
3045 3053
3046 3051
3047 3050
3048 3049
3066 3070
3067 3068
3109 3110
3107 3108
3074 3106
3076 3105
3094 3104
3077 3091
3089 3090
3087 3088
3078 3086
3079 3085
3081 3084
3082 3083
3095 3103
3096 3102
3097 3099
3124 3125
3149 3152
3150 3151
3164 3165
3170 3187
3181 3186
3171 3180
3173 3179
3177 3178
3174 3176
3182 3185
3183 3184
3193 3405
3197 3404
3195 3196
3402 3403
3198 3401
3397 3400
3370 3396
3199 3369
3200 3368
3201 3366
3202 3363
3203 3362
3212 3361
3210 3211
3208 3209
3204 3207
3205 3206
3213 3360
3356 3357
3214 3355
3215 3354
3217 3352
3253 3350
3218 3252
3219 3251
3220 3249
3221 3248
3245 3246
3226 3244
3222 3225
3223 3224
3227 3243
3228 3242
3232 3241
3229 3231
3233 3240
3234 3239
3235 3237
3254 3349
3344 3348
3255 3343
3264 3342
3256 3263
3257 3262
3258 3261
3259 3260
3266 3341
3267 3339
3268 3335
3269 3334
3270 3333
3271 3331
3275 3330
3272 3274
3276 3329
3279 3328
3277 3278
3280 3325
3281 3324
3284 3323
3282 3283
3289 3322
3285 3288
3286 3287
3290 3321
3302 3320
3298 3301
3291 3297
3293 3296
3299 3300
3318 3319
3303 3317
3304 3316
3312 3315
3305 3311
3306 3309
3307 3308
3313 3314
3345 3346
3371 3395
3372 3394
3373 3392
3374 3390
3375 3389
3376 3386
3377 3385
3383 3384
3378 3382
3379 3381
3398 3399
3444 3447
3440 3443
3419 3439
3420 3438
3421 3437
3432 3436
3422 3431
3429 3430
3423 3428
3424 3427
3425 3426
3433 3434
3441 3442
3445 3446
3453 3458
3456 3457
3454 3455
3463 3465
3508 7452
3498 3507
3503 3506
3501 3502
3499 3500
3504 3505
3509 7451
3511 7450
3512 7449
7447 7448
3513 7446
3527 7445
3525 3526
3523 3524
3514 3522
3520 3521
3515 3519
3516 3517
3644 7444
3528 3643
3531 3642
3529 3530
3532 3641
3639 3640
3533 3638
3534 3637
3577 3636
3575 3576
3535 3574
3536 3573
3537 3572
3568 3571
3538 3567
3546 3566
3539 3545
3540 3544
3541 3543
3547 3565
3548 3564
3550 3563
3561 3562
3551 3560
3554 3559
3552 3553
3557 3558
3569 3570
3578 3635
3585 3634
3579 3584
3581 3582
3607 3633
3588 3606
3586 3587
3589 3605
3594 3604
3590 3593
3591 3592
3596 3602
3599 3601
3597 3598
3610 3632
3608 3609
3622 3631
3611 3621
3618 3619
3612 3617
3613 3616
3614 3615
3629 3630
3627 3628
3623 3626
3624 3625
7442 7443
7438 7441
3645 7437
7434 7436
3646 7433
3647 7432
7430 7431
7426 7429
3648 7425
3649 7424
3650 7423
7421 7422
3651 7420
7414 7419
3652 7413
3653 7412
7404 7411
3654 7403
3655 7402
3658 7399
3656 3657
7397 7398
3659 7396
7394 7395
3660 7393
3661 7392
3662 7390
7388 7389
3663 7387
7385 7386
3664 7384
3665 7381
3668 7380
3666 3667
3669 7379
3725 7378
3670 3724
3689 3723
3671 3688
3676 3687
3672 3675
3673 3674
3685 3686
3677 3684
3678 3683
3679 3682
3693 3722
3690 3692
3718 3721
3694 3717
3699 3716
3697 3698
3695 3696
3700 3714
3712 3713
3701 3711
3702 3710
3705 3708
3703 3704
3706 3707
3719 3720
3726 7377
7051 7376
3727 7050
3728 7049
3729 7048
3730 7047
7037 7046
3731 7036
7034 7035
3732 7033
3733 7032
3734 7031
3737 7030
3735 3736
3741 7029
3738 3740
3742 7027
6993 7026
3744 6992
3978 6991
3749 3977
3745 3748
3746 3747
3750 3976
3774 3973
3753 3773
3751 3752
3755 3772
3757 3771
3758 3770
3759 3769
3760 3768
3761 3766
3763 3765
3775 3972
3970 3971
3776 3969
3777 3968
3779 3967
3780 3966
3781 3965
3782 3964
3789 3963
3784 3788
3785 3787
3790 3962
3960 3961
3793 3959
3791 3792
3794 3957
3801 3956
3795 3800
3798 3799
3796 3797
3802 3955
3803 3954
3804 3953
3919 3952
3805 3918
3806 3917
3811 3916
3809 3810
3807 3808
3816 3915
3812 3815
3813 3814
3817 3914
3900 3913
3818 3899
3821 3898
3819 3820
3822 3897
3824 3896
3827 3895
3825 3826
3837 3894
3830 3836
3828 3829
3831 3835
3832 3834
3844 3893
3838 3843
3841 3842
3839 3840
3847 3892
3845 3846
3848 3891
3849 3890
3850 3889
3851 3888
3877 3886
3875 3876
3854 3874
3852 3853
3867 3873
3855 3866
3859 3865
3856 3857
3862 3863
3870 3872
3868 3869
3880 3885
3878 3879
3881 3884
3882 3883
3908 3912
3901 3907
3905 3906
3902 3903
3909 3911
3928 3951
3920 3927
3921 3925
3922 3924
3929 3950
3944 3949
3930 3943
3931 3942
3934 3941
3932 3933
3939 3940
3935 3938
3945 3948
3946 3947
3981 6990
3979 3980
6985 6989
3982 6984
6982 6983
6980 6981
3983 6979
3986 6978
3984 3985
6976 6977
3987 6975
6973 6974
6883 6972
3988 6882
6880 6881
3989 6879
3990 6878
3991 6877
3996 6876
3994 3995
3992 3993
3997 6875
4000 6874
3998 3999
4011 6873
4007 4010
4001 4006
4004 4005
4002 4003
4008 4009
4012 6872
4013 6871
4037 6870
4019 4036
4014 4018
4016 4017
4020 4035
4021 4034
4027 4033
4025 4026
4022 4024
4028 4030
4038 6868
4039 6867
4040 6866
4041 6865
4042 6863
4050 6862
4045 4049
4043 4044
4047 4048
4051 6861
6859 6860
4052 6858
6850 6857
4053 6849
4061 6847
4059 4060
4054 4058
4055 4057
6845 6846
4062 6844
4065 6843
4063 4064
4066 6842
4067 6841
4068 6840
6800 6838
4069 6799
4070 6796
4071 6795
4072 6794
4073 6792
4074 6791
4077 6790
4075 4076
4080 6789
4078 4079
4081 6788
4082 6787
4083 6786
6748 6785
4091 6747
4084 4090
4085 4089
4086 4088
4094 6746
4092 4093
6743 6745
4095 6742
4096 6741
4097 6739
6732 6738
4098 6731
6729 6730
4099 6728
4193 6727
4100 4192
4105 4191
4101 4104
4102 4103
4123 4190
4106 4122
4107 4121
4116 4120
4114 4115
4108 4113
4109 4112
4110 4111
4118 4119
4128 4189
4124 4127
4186 4187
4129 4185
4131 4184
4134 4183
4132 4133
4135 4182
4144 4181
4136 4143
4137 4142
4138 4140
4145 4180
4149 4179
4150 4177
4151 4176
4154 4175
4152 4153
4155 4174
4161 4173
4156 4160
4157 4158
4165 4172
4162 4164
4166 4171
4167 4170
4168 4169
4194 6726
6723 6725
4195 6722
4204 6721
4196 4203
4199 4202
4197 4198
4205 6720
4206 6718
4207 6717
4209 6716
6714 6715
4210 6713
4211 6712
6641 6711
4212 6640
4213 6639
4214 6638
4218 6637
4215 4217
6620 6636
4219 6619
4220 6618
4221 6617
4222 6616
4226 6615
4224 4225
6613 6614
4227 6612
6610 6611
4228 6609
4234 6608
4229 4233
4230 4232
4235 6607
6576 6606
6517 6575
4246 6516
4236 4245
4237 4244
4238 4243
4239 4242
6472 6515
6470 6471
4247 6469
6466 6468
4250 6465
4248 4249
6463 6464
4251 6462
4252 6461
6454 6459
4253 6453
4256 6452
4254 4255
4257 6451
4260 6450
6446 6449
4261 6445
4262 6444
4263 6443
4266 6442
4264 4265
6420 6441
4267 6419
4268 6418
4269 6416
4270 6415
4274 6414
4271 4273
6410 6413
4455 6409
4275 4454
4276 4453
4282 4451
4277 4281
4278 4280
4449 4450
4283 4448
4284 4447
4285 4446
4390 4444
4286 4389
4287 4388
4288 4387
4289 4386
4290 4385
4291 4384
4382 4383
4298 4381
4292 4297
4293 4296
4294 4295
4307 4379
4301 4306
4299 4300
4302 4305
4309 4378
4310 4377
4311 4376
4312 4375
4339 4374
4313 4338
4315 4337
4318 4336
4316 4317
4321 4335
4319 4320
4333 4334
4322 4332
4329 4331
4325 4328
4323 4324
4326 4327
4340 4369
4348 4368
4345 4346
4341 4344
4342 4343
4359 4367
4349 4358
4352 4357
4350 4351
4353 4356
4354 4355
4360 4366
4361 4365
4363 4364
4442 4443
4391 4441
4392 4440
4437 4439
4393 4436
4432 4435
4394 4431
4395 4429
4427 4428
4396 4426
4402 4425
4397 4400
4398 4399
4405 4421
4403 4404
4415 4419
4410 4414
4406 4409
4407 4408
4411 4412
4416 4417
4433 4434
4483 6408
4457 4482
4458 4481
4460 4480
4476 4478
4461 4475
4462 4474
4463 4470
4464 4469
4465 4468
4466 4467
4484 6407
4488 6406
4485 4487
4541 6405
4489 4540
4490 4539
4529 4538
4491 4528
4512 4527
4496 4511
4492 4495
4493 4494
4497 4510
4498 4509
4504 4508
4502 4503
4499 4500
4513 4526
4514 4525
4518 4524
4515 4517
4521 4523
4519 4520
4536 4537
4530 4535
4531 4534
4532 4533
4542 6404
6396 6403
4544 6395
4545 6394
4546 6393
4547 6392
6390 6391
4548 6388
4549 6387
4550 6386
4551 6385
5851 6384
4555 5850
4552 4554
4556 5849
4557 5848
4559 5847
4560 5846
5844 5845
4561 5843
5839 5842
4562 5838
4563 5837
4569 5836
4564 4568
4565 4567
4570 5835
4571 5833
4572 5832
4573 5831
4574 5830
4575 5829
4576 5828
4577 5827
4578 5826
4580 5825
5819 5824
4581 5818
5813 5817
4582 5812
4583 5811
4584 5809
5806 5807
4585 5805
5748 5804
4586 5747
5728 5746
5726 5727
5703 5725
4587 5702
4592 5701
4590 4591
4588 4589
5697 5700
5690 5696
4595 5689
4593 4594
4596 5687
4597 5686
4629 5685
4598 4628
4601 4627
4599 4600
4607 4625
4605 4606
4602 4604
4623 4624
4608 4622
4609 4621
4617 4620
4610 4616
4613 4615
4611 4612
4618 4619
4630 5684
4631 5683
4632 5682
4633 5681
5670 5680
4634 5669
4635 5668
4636 5667
4637 5666
4638 5664
5020 5663
5017 5019
4639 5016
4640 5015
4641 5014
4642 5013
4643 5012
4646 5011
4958 5009
4647 4957
4648 4956
4649 4955
4949 4954
4947 4948
4650 4946
4943 4945
4660 4942
4651 4659
4652 4658
4654 4657
4655 4656
4661 4941
4662 4939
4667 4938
4663 4666
4664 4665
4669 4937
4671 4936
4672 4935
4673 4934
4674 4933
4929 4932
4927 4928
4675 4926
4676 4925
4917 4924
4677 4916
4678 4915
4679 4914
4912 4913
4680 4911
4908 4909
4905 4907
4903 4904
4681 4902
4682 4901
4690 4900
4686 4689
4683 4684
4687 4688
4896 4899
4691 4895
4694 4894
4692 4693
4701 4891
4695 4700
4696 4697
4702 4890
4705 4889
4703 4704
4880 4888
4710 4879
4706 4709
4874 4878
4711 4873
4712 4872
4713 4871
4714 4868
4715 4867
4718 4865
4716 4717
4847 4864
4719 4846
4720 4845
4820 4844
4762 4819
4725 4761
4721 4724
4722 4723
4728 4760
4726 4727
4729 4759
4731 4758
4734 4757
4732 4733
4735 4755
4736 4754
4751 4753
4737 4749
4738 4748
4742 4746
4743 4744
4763 4818
4764 4817
4765 4816
4766 4815
4767 4814
4774 4813
4768 4773
4769 4772
4770 4771
4775 4812
4776 4811
4777 4810
4797 4809
4778 4796
4779 4795
4780 4794
4784 4793
4782 4783
4788 4792
4785 4787
4790 4791
4798 4808
4800 4804
4801 4802
4821 4843
4822 4842
4840 4841
4823 4839
4824 4838
4828 4837
4825 4826
4830 4833
4831 4832
4862 4863
4848 4861
4849 4860
4850 4859
4852 4858
4853 4856
4854 4855
4875 4877
4882 4886
4884 4885
4920 4923
4918 4919
4930 4931
4950 4953
4951 4952
4986 5008
4984 4985
4959 4983
4960 4982
4962 4981
4970 4980
4963 4968
4964 4967
4965 4966
4977 4978
4973 4976
4971 4972
4974 4975
4987 5007
5000 5006
4989 4999
4990 4998
4991 4997
4992 4996
4993 4995
5001 5004
5002 5003
5021 5661
5024 5660
5022 5023
5025 5659
5655 5656
5065 5654
5026 5064
5027 5063
5028 5062
5058 5061
5029 5056
5034 5055
5030 5033
5031 5032
5042 5054
5035 5041
5036 5039
5037 5038
5046 5053
5043 5045
5051 5052
5047 5050
5048 5049
5059 5060
5066 5653
5069 5652
5067 5068
5070 5651
5649 5650
5071 5648
5640 5647
5072 5639
5637 5638
5073 5636
5620 5635
5084 5619
5074 5083
5075 5082
5076 5081
5077 5080
5085 5618
5090 5617
5086 5089
5112 5616
5091 5110
5092 5109
5098 5108
5093 5097
5095 5096
5102 5107
5099 5101
5103 5106
5104 5105
5113 5614
5610 5613
5114 5609
5115 5607
5123 5606
5116 5122
5119 5121
5117 5118
5124 5605
5125 5604
5126 5603
5127 5602
5128 5600
5136 5599
5132 5135
5129 5131
5133 5134
5595 5598
5156 5594
5137 5155
5138 5154
5139 5153
5144 5152
5140 5143
5141 5142
5149 5150
5145 5146
5591 5592
5157 5590
5158 5589
5159 5588
5222 5587
5160 5221
5161 5220
5214 5219
5162 5213
5163 5211
5166 5210
5164 5165
5171 5209
5169 5170
5167 5168
5172 5208
5206 5207
5173 5205
5203 5204
5174 5202
5175 5201
5193 5200
5176 5192
5177 5191
5185 5190
5178 5184
5179 5181
5188 5189
5186 5187
5194 5199
5197 5198
5195 5196
5215 5218
5216 5217
5576 5586
5223 5575
5224 5574
5225 5573
5226 5572
5227 5571
5335 5570
5228 5334
5229 5333
5320 5332
5291 5319
5230 5290
5231 5289
5287 5288
5232 5286
5282 5285
5233 5281
5246 5280
5234 5245
5235 5244
5236 5243
5237 5242
5238 5241
5239 5240
5247 5278
5257 5276
5248 5256
5254 5255
5249 5252
5250 5251
5258 5275
5259 5273
5271 5272
5260 5270
5262 5269
5263 5268
5264 5267
5265 5266
5283 5284
5292 5318
5308 5317
5293 5306
5294 5305
5295 5304
5296 5303
5297 5302
5298 5301
5299 5300
5314 5316
5309 5313
5310 5312
5323 5331
5321 5322
5325 5330
5326 5329
5562 5569
5336 5561
5337 5560
5557 5558
5338 5556
5339 5554
5340 5553
5341 5552
5342 5551
5343 5550
5353 5549
5344 5352
5345 5351
5347 5350
5348 5349
5354 5548
5355 5547
5356 5545
5357 5544
5360 5543
5358 5359
5483 5542
5481 5482
5361 5480
5472 5479
5440 5471
5362 5439
5428 5437
5363 5427
5364 5426
5367 5425
5365 5366
5368 5421
5411 5420
5385 5410
5383 5384
5369 5382
5374 5381
5370 5373
5371 5372
5376 5380
5377 5378
5408 5409
5386 5407
5387 5406
5403 5404
5399 5402
5388 5398
5396 5397
5389 5394
5390 5393
5391 5392
5400 5401
5416 5419
5414 5415
5412 5413
5417 5418
5433 5436
5429 5432
5430 5431
5434 5435
5469 5470
5443 5468
5441 5442
5444 5467
5445 5465
5446 5464
5447 5463
5461 5462
5448 5459
5449 5458
5450 5457
5452 5456
5453 5455
5473 5478
5474 5477
5475 5476
5539 5540
5484 5538
5535 5536
5485 5534
5486 5531
5515 5530
5511 5514
5487 5510
5492 5509
5490 5491
5488 5489
5493 5508
5498 5507
5496 5497
5494 5495
5499 5505
5500 5504
5512 5513
5516 5529
5517 5527
5518 5525
5520 5524
5521 5522
5563 5568
5566 5567
5564 5565
5579 5585
5577 5578
5580 5584
5581 5583
5596 5597
5611 5612
5621 5634
5622 5633
5627 5632
5625 5626
5623 5624
5628 5631
5641 5646
5644 5645
5642 5643
5673 5678
5671 5672
5674 5677
5675 5676
5691 5695
5692 5694
5698 5699
5704 5723
5705 5722
5706 5721
5719 5720
5707 5718
5712 5717
5708 5711
5709 5710
5713 5716
5714 5715
5729 5745
5732 5743
5730 5731
5735 5742
5733 5734
5740 5741
5736 5739
5737 5738
5749 5803
5795 5802
5751 5794
5774 5793
5752 5773
5753 5772
5754 5771
5755 5770
5756 5769
5765 5766
5761 5764
5757 5760
5758 5759
5762 5763
5778 5792
5775 5777
5786 5791
5779 5785
5781 5784
5782 5783
5787 5790
5788 5789
5796 5801
5797 5800
5798 5799
5814 5816
5820 5823
5840 5841
5879 6383
5853 5878
5875 5877
5854 5874
5868 5873
5855 5867
5856 5866
5857 5865
5861 5864
5858 5859
5862 5863
5869 5872
5870 5871
5884 6382
5880 5883
5881 5882
5916 6381
5914 5915
5912 5913
5885 5911
5886 5910
5887 5909
5888 5908
5889 5907
5901 5906
5897 5900
5890 5896
5891 5895
5893 5894
5898 5899
5902 5905
5903 5904
6379 6380
6341 6378
5917 6340
5918 6339
5920 6338
6334 6337
6212 6333
5921 6211
5922 6210
5923 6209
6206 6208
5924 6205
5925 6204
5929 6203
5926 5928
6185 6202
6178 6184
5930 6177
5931 6175
5932 6174
6170 6173
5935 6169
5933 5934
6072 6168
5936 6071
5937 6070
5938 6068
5939 6067
5940 6065
5942 6064
5949 6063
5943 5948
5944 5947
5945 5946
5950 6062
5951 6061
5952 6060
6058 6059
5953 6057
6052 6056
5954 6051
5955 6050
5969 6049
5956 5968
5957 5967
5958 5966
5959 5965
5962 5964
5960 5961
5970 6048
5971 6047
6018 6046
5972 6017
6015 6016
5973 6014
5985 6013
5974 5984
5977 5983
5975 5976
5980 5982
5978 5979
5987 6012
5992 6011
5988 5991
5989 5990
6005 6010
5999 6004
5993 5998
5994 5997
5995 5996
6000 6003
6001 6002
6006 6009
6007 6008
6019 6045
6020 6044
6021 6043
6022 6042
6040 6041
6023 6039
6024 6038
6025 6037
6026 6036
6027 6035
6030 6033
6028 6029
6053 6054
6073 6167
6074 6166
6075 6165
6081 6162
6076 6077
6158 6160
6082 6157
6083 6156
6152 6155
6084 6151
6149 6150
6085 6148
6086 6147
6087 6146
6088 6145
6143 6144
6089 6142
6092 6141
6090 6091
6094 6140
6099 6139
6095 6098
6096 6097
6119 6138
6100 6118
6115 6116
6113 6114
6101 6112
6102 6111
6103 6110
6106 6109
6107 6108
6120 6137
6121 6136
6132 6135
6122 6131
6123 6130
6127 6128
6124 6125
6133 6134
6153 6154
6171 6172
6179 6183
6180 6182
6186 6200
6187 6199
6188 6198
6189 6197
6193 6196
6190 6191
6331 6332
6213 6330
6214 6329
6327 6328
6215 6326
6218 6325
6216 6217
6321 6324
6219 6320
6317 6319
6220 6316
6314 6315
6260 6312
6221 6259
6222 6258
6256 6257
6242 6255
6223 6241
6224 6239
6225 6237
6226 6236
6227 6235
6228 6234
6229 6233
6230 6231
6243 6254
6248 6253
6244 6246
6249 6252
6250 6251
6263 6311
6261 6262
6264 6310
6304 6309
6265 6303
6268 6302
6266 6267
6269 6301
6277 6300
6270 6276
6271 6275
6272 6274
6298 6299
6295 6297
6278 6294
6279 6293
6284 6292
6282 6283
6280 6281
6289 6291
6285 6288
6286 6287
6305 6308
6306 6307
6322 6323
6335 6336
6342 6377
6375 6376
6373 6374
6367 6372
6343 6366
6350 6365
6344 6349
6345 6348
6346 6347
6351 6364
6352 6363
6361 6362
6357 6360
6353 6356
6354 6355
6370 6371
6368 6369
6399 6402
6397 6398
6400 6401
6411 6412
6421 6440
6422 6439
6425 6437
6423 6424
6426 6436
6431 6435
6427 6430
6428 6429
6432 6434
6447 6448
6457 6458
6455 6456
6473 6514
6483 6513
6474 6482
6478 6481
6475 6477
6479 6480
6484 6512
6500 6511
6496 6499
6485 6495
6486 6493
6487 6491
6488 6490
6497 6498
6507 6510
6501 6506
6502 6505
6503 6504
6508 6509
6518 6574
6519 6573
6524 6572
6520 6523
6521 6522
6570 6571
6568 6569
6525 6567
6528 6566
6526 6527
6529 6565
6530 6564
6532 6563
6537 6562
6533 6536
6534 6535
6546 6561
6538 6545
6539 6544
6540 6543
6541 6542
6547 6560
6554 6559
6550 6553
6548 6549
6551 6552
6557 6558
6555 6556
6577 6605
6598 6604
6596 6597
6578 6595
6582 6594
6579 6580
6587 6593
6583 6586
6584 6585
6588 6592
6589 6590
6601 6603
6599 6600
6623 6635
6621 6622
6624 6633
6625 6632
6626 6631
6627 6630
6628 6629
6709 6710
6642 6708
6645 6707
6643 6644
6646 6706
6703 6705
6651 6702
6647 6650
6648 6649
6658 6701
6656 6657
6652 6655
6653 6654
6659 6700
6660 6699
6661 6698
6666 6697
6664 6665
6662 6663
6677 6696
6667 6676
6668 6675
6669 6674
6670 6671
6678 6695
6693 6694
6689 6692
6679 6688
6682 6687
6680 6681
6685 6686
6683 6684
6690 6691
6733 6737
6749 6784
6750 6783
6781 6782
6751 6780
6752 6779
6753 6778
6754 6777
6755 6776
6756 6775
6767 6774
6757 6766
6758 6765
6759 6764
6762 6763
6760 6761
6770 6773
6768 6769
6771 6772
6813 6837
6801 6812
6810 6811
6802 6809
6803 6808
6804 6807
6805 6806
6830 6835
6814 6829
6816 6828
6817 6827
6818 6826
6821 6825
6819 6820
6822 6824
6831 6834
6832 6833
6853 6856
6851 6852
6854 6855
6885 6971
6904 6970
6887 6903
6894 6901
6890 6893
6888 6889
6891 6892
6897 6900
6895 6896
6898 6899
6905 6969
6908 6968
6906 6907
6949 6967
6947 6948
6909 6946
6912 6945
6910 6911
6913 6944
6915 6943
6916 6942
6917 6941
6918 6939
6919 6936
6934 6935
6920 6933
6921 6932
6924 6931
6922 6923
6927 6930
6925 6926
6961 6966
6950 6960
6951 6959
6954 6958
6952 6953
6955 6956
6964 6965
6962 6963
6986 6988
6994 7025
6995 7024
6996 7022
6997 7021
7002 7018
6998 7001
6999 7000
7006 7017
7004 7005
7007 7016
7008 7015
7009 7014
7010 7013
7011 7012
7044 7045
7038 7043
7041 7042
7039 7040
7052 7375
7207 7374
7053 7206
7054 7205
7055 7204
7162 7203
7160 7161
7056 7159
7057 7158
7062 7157
7058 7061
7059 7060
7067 7155
7065 7066
7063 7064
7068 7154
7069 7153
7151 7152
7070 7150
7085 7149
7073 7084
7071 7072
7074 7083
7075 7082
7076 7080
7078 7079
7088 7148
7086 7087
7091 7147
7089 7090
7137 7146
7092 7136
7133 7134
7093 7132
7100 7131
7094 7098
7095 7097
7101 7130
7103 7129
7106 7128
7104 7105
7107 7127
7116 7125
7108 7115
7109 7114
7112 7113
7110 7111
7117 7124
7118 7123
7119 7122
7120 7121
7144 7145
7138 7143
7139 7142
7140 7141
7199 7202
7163 7198
7165 7197
7166 7196
7167 7195
7168 7194
7171 7193
7172 7192
7173 7189
7187 7188
7174 7186
7180 7185
7178 7179
7175 7177
7181 7184
7182 7183
7200 7201
7361 7372
7208 7360
7351 7359
7209 7350
7210 7349
7211 7348
7212 7347
7341 7346
7213 7340
7338 7339
7214 7337
7215 7335
7216 7334
7217 7333
7329 7332
7218 7328
7219 7327
7221 7326
7315 7325
7224 7314
7222 7223
7225 7313
7278 7311
7226 7277
7235 7276
7227 7234
7228 7233
7229 7231
7236 7275
7237 7274
7238 7273
7239 7272
7247 7271
7243 7246
7240 7242
7244 7245
7248 7270
7258 7269
7249 7257
7254 7256
7250 7253
7251 7252
7259 7268
7260 7267
7261 7266
7262 7265
7263 7264
7279 7310
7282 7309
7280 7281
7289 7308
7283 7288
7284 7287
7285 7286
7290 7307
7303 7306
7291 7302
7294 7301
7295 7300
7296 7299
7297 7298
7304 7305
7316 7324
7317 7323
7321 7322
7318 7320
7330 7331
7342 7345
7343 7344
7352 7358
7353 7357
7354 7356
7362 7371
7363 7369
7364 7367
7365 7366
7409 7410
7407 7408
7405 7406
7415 7418
7416 7417
7427 7428
7439 7440
7463 7464
7473 7519
7474 7518
7483 7517
7475 7482
7480 7481
7476 7479
7477 7478
7484 7516
7493 7515
7485 7492
7488 7491
7486 7487
7489 7490
7494 7514
7495 7513
7508 7512
7496 7506
7497 7505
7500 7504
7498 7499
7501 7503
7509 7511
7542 7565
7539 7541
7543 7564
7544 7563
7557 7562
7549 7556
7545 7548
7546 7547
7550 7555
7551 7554
7552 7553
7558 7561
7559 7560
7585 7586
7572 7584
7570 7571
7573 7583
7580 7582
7574 7579
7575 7578
7576 7577
7593 7594
7591 7592
7604 7659
7605 7658
7606 7657
7629 7656
7607 7628
7608 7627
7610 7626
7615 7625
7611 7614
7612 7613
7616 7624
7617 7623
7618 7622
7619 7621
7634 7655
7630 7633
7647 7654
7635 7646
7642 7645
7636 7641
7637 7639
7643 7644
7648 7651
7649 7650
7681 7695
7673 7680
7676 7679
7674 7675
7677 7678
7682 7694
7691 7693
7685 7690
7683 7684
7686 7689
7687 7688
7706 7710
7704 7705
7702 7703
7708 7709
7723 7750
7721 7722
7729 7749
7727 7728
7730 7748
7731 7747
7740 7746
7732 7739
7735 7736
7733 7734
7741 7745
7742 7744
7756 7757
7754 7755
7894 7902
7786 7893
7787 7892
7788 7890
7789 7889
7790 7888
7791 7887
7792 7886
7884 7885
7863 7883
7793 7862
7794 7861
7823 7860
7795 7822
7807 7821
7796 7806
7797 7805
7798 7804
7799 7803
7801 7802
7811 7820
7808 7810
7812 7819
7813 7818
7816 7817
7814 7815
7858 7859
7824 7857
7825 7856
7827 7855
7830 7853
7828 7829
7831 7852
7832 7851
7833 7850
7836 7849
7834 7835
7837 7848
7838 7847
7839 7846
7842 7845
7840 7841
7843 7844
7864 7882
7879 7881
7865 7878
7866 7877
7867 7876
7868 7875
7869 7874
7870 7873
7871 7872
7895 7900
7896 7899
7897 7898
7914 7921
7915 7920
7918 7919
7916 7917
7924 9379
7925 9378
7927 9377
7928 9376
9374 9375
7929 9373
7958 9372
7930 7957
7932 7956
7949 7955
7935 7948
7933 7934
7944 7947
7936 7943
7937 7942
7938 7941
7939 7940
7945 7946
7950 7954
7952 7953
7965 9370
7959 7964
7960 7963
7961 7962
7966 9369
7969 9368
7967 7968
7972 9367
7970 7971
7973 9366
7974 9365
7975 9364
9362 9363
9357 9361
7976 9356
7982 9355
7977 7981
7978 7980
7983 9354
7984 9353
7989 9352
7985 7988
7986 7987
9329 9351
7990 9328
7991 9327
7992 9326
7997 9324
7993 7996
7994 7995
8016 9323
7998 8015
7999 8014
8000 8013
8009 8012
8001 8008
8006 8007
8004 8005
8002 8003
8010 8011
8017 9322
8018 9320
8019 9319
8025 9318
8020 8024
8021 8023
8053 9317
8026 8052
8029 8051
8027 8028
8049 8050
8030 8048
8035 8047
8033 8034
8031 8032
8045 8046
8036 8044
8042 8043
8037 8041
8038 8040
8054 9316
8055 9315
8056 9314
9311 9313
8057 9310
8058 9309
8068 9308
8059 8067
8060 8066
8061 8065
8063 8064
8072 9307
8069 8070
8073 9306
8082 9305
8074 8081
8079 8080
8075 8078
8076 8077
8084 9303
8085 9302
8086 9301
8087 9299
8109 9298
8088 8108
8094 8107
8089 8092
8090 8091
8097 8106
8095 8096
8104 8105
8098 8103
8099 8102
8100 8101
9296 9297
8110 9295
8111 9294
9261 9293
8130 9260
8112 8129
8115 8128
8113 8114
8116 8127
8117 8126
8124 8125
8118 8123
8119 8122
8120 8121
8131 9259
8132 9258
8383 9257
8133 8382
8142 8381
8134 8141
8137 8140
8135 8136
8138 8139
8143 8380
8162 8379
8150 8161
8144 8149
8147 8148
8145 8146
8159 8160
8151 8158
8152 8157
8153 8156
8154 8155
8342 8378
8166 8341
8163 8165
8167 8340
8335 8339
8168 8334
8169 8333
8293 8332
8170 8292
8171 8291
8238 8290
8172 8237
8173 8236
8174 8234
8177 8233
8175 8176
8188 8231
8178 8187
8179 8186
8183 8185
8181 8182
8193 8230
8189 8192
8190 8191
8194 8229
8197 8228
8195 8196
8198 8227
8203 8226
8199 8202
8200 8201
8204 8225
8205 8224
8208 8223
8206 8207
8215 8222
8209 8214
8210 8213
8211 8212
8216 8221
8219 8220
8217 8218
8239 8289
8243 8288
8240 8242
8244 8287
8245 8286
8248 8285
8246 8247
8283 8284
8249 8282
8250 8281
8251 8280
8265 8279
8252 8264
8260 8263
8253 8259
8256 8258
8254 8255
8261 8262
8266 8278
8267 8277
8274 8276
8268 8273
8269 8272
8270 8271
8330 8331
8294 8329
8295 8328
8298 8327
8296 8297
8299 8326
8300 8325
8323 8324
8321 8322
8301 8320
8302 8319
8303 8318
8305 8317
8307 8316
8308 8315
8309 8313
8311 8312
8336 8338
8375 8376
8343 8374
8344 8373
8352 8372
8345 8351
8346 8350
8347 8349
8370 8371
8367 8369
8365 8366
8353 8364
8356 8363
8354 8355
8357 8362
8358 8361
8359 8360
8384 9256
8385 9255
9253 9254
8388 9252
8386 8387
8389 9251
8390 9250
8391 9249
8407 9248
8394 8406
8392 8393
8395 8405
8402 8403
8396 8401
8397 8400
8398 8399
8408 9247
9243 9246
8409 9242
8410 9241
9226 9240
9224 9225
8411 9223
8412 9222
8413 9220
8414 9219
8415 9218
9214 9217
8416 9213
8425 9212
8417 8424
8418 8423
8421 8422
8419 8420
8426 9211
8427 9210
8428 9209
9053 9207
8429 9052
9050 9051
8430 9049
8431 9048
9046 9047
8432 9045
9043 9044
8433 9042
8436 9041
8434 8435
8437 9040
8775 9039
8438 8774
8439 8773
8440 8772
8767 8771
8441 8765
8442 8764
8715 8763
8443 8714
8444 8713
8447 8712
8445 8446
8451 8711
8449 8450
8457 8710
8452 8456
8453 8454
8458 8709
8461 8708
8459 8460
8473 8707
8462 8472
8468 8471
8463 8467
8469 8470
8703 8706
8474 8702
8475 8701
8699 8700
8697 8698
8476 8696
8477 8695
8677 8694
8478 8676
8674 8675
8479 8673
8486 8672
8480 8485
8481 8484
8482 8483
8487 8671
8488 8670
8503 8669
8501 8502
8489 8500
8498 8499
8490 8497
8495 8496
8491 8494
8492 8493
8504 8667
8505 8666
8620 8665
8508 8619
8506 8507
8509 8618
8569 8617
8510 8568
8511 8567
8512 8566
8513 8565
8555 8564
8552 8554
8514 8551
8547 8550
8545 8546
8532 8544
8515 8531
8516 8530
8526 8529
8524 8525
8517 8523
8518 8522
8527 8528
8533 8543
8534 8542
8540 8541
8535 8539
8536 8538
8548 8549
8556 8563
8557 8562
8558 8561
8559 8560
8570 8615
8577 8614
8571 8576
8574 8575
8572 8573
8609 8613
8578 8608
8606 8607
8579 8605
8580 8604
8581 8603
8582 8602
8583 8601
8599 8600
8584 8597
8585 8595
8588 8594
8586 8587
8591 8592
8610 8612
8629 8664
8621 8628
8622 8627
8623 8626
8624 8625
8636 8663
8630 8635
8633 8634
8631 8632
8655 8662
8637 8654
8652 8653
8638 8651
8639 8650
8640 8649
8641 8648
8642 8647
8643 8646
8644 8645
8656 8660
8657 8659
8678 8693
8679 8692
8680 8691
8687 8690
8681 8686
8684 8685
8682 8683
8688 8689
8704 8705
8716 8762
8717 8760
8744 8759
8718 8743
8719 8741
8720 8740
8721 8739
8722 8738
8723 8737
8735 8736
8728 8734
8724 8727
8729 8733
8730 8731
8745 8758
8748 8757
8746 8747
8749 8756
8750 8755
8753 8754
8751 8752
8768 8770
8776 9038
8786 9037
8777 8785
8778 8784
8779 8782
8780 8781
8788 9036
8794 9035
8792 8793
8789 8791
8795 9034
8796 9033
9031 9032
8797 9030
8798 9029
8808 9028
8804 8807
8799 8802
8800 8801
8805 8806
8824 9027
8822 8823
8809 8820
8810 8819
8817 8818
8811 8816
8814 8815
8812 8813
8827 9026
8830 9025
8828 8829
9014 9024
8831 9013
8832 9012
9008 9011
8835 9007
8833 8834
8836 9006
8982 9005
8959 8981
8837 8958
8838 8957
8843 8956
8839 8842
8840 8841
8848 8955
8844 8847
8845 8846
8849 8954
8850 8953
8851 8952
8856 8950
8852 8853
8858 8949
8859 8948
8861 8947
8944 8946
8921 8943
8862 8920
8869 8919
8863 8868
8864 8867
8865 8866
8870 8918
8916 8917
8876 8915
8871 8875
8872 8873
8906 8914
8877 8905
8878 8904
8881 8903
8879 8880
8885 8902
8882 8883
8888 8901
8886 8887
8889 8900
8894 8898
8891 8893
8895 8896
8907 8913
8910 8912
8908 8909
8922 8942
8925 8941
8923 8924
8931 8940
8926 8930
8928 8929
8932 8939
8933 8938
8935 8937
8979 8980
8960 8978
8961 8977
8967 8976
8962 8966
8963 8965
8968 8975
8969 8974
8970 8972
9003 9004
8987 9002
8983 8986
8984 8985
8988 9001
8999 9000
8989 8998
8990 8997
8991 8996
8992 8995
8993 8994
9009 9010
9020 9023
9015 9019
9017 9018
9021 9022
9054 9206
9055 9205
9056 9204
9057 9203
9058 9202
9059 9201
9060 9200
9061 9199
9062 9198
9071 9197
9063 9070
9066 9069
9064 9065
9067 9068
9192 9193
9072 9191
9073 9190
9084 9188
9074 9083
9081 9082
9079 9080
9075 9078
9085 9187
9097 9186
9093 9096
9086 9092
9088 9091
9089 9090
9094 9095
9098 9185
9103 9183
9101 9102
9099 9100
9161 9182
9104 9160
9110 9159
9105 9109
9106 9108
9114 9157
9111 9112
9115 9156
9118 9155
9116 9117
9121 9154
9119 9120
9128 9153
9124 9126
9122 9123
9129 9152
9139 9151
9130 9138
9133 9137
9131 9132
9134 9135
9140 9150
9141 9149
9146 9147
9142 9145
9143 9144
9173 9181
9162 9172
9163 9171
9169 9170
9164 9168
9165 9166
9175 9180
9176 9179
9177 9178
9215 9216
9227 9239
9233 9237
9228 9232
9230 9231
9234 9236
9244 9245
9262 9292
9263 9289
9286 9288
9264 9285
9265 9284
9266 9283
9267 9282
9276 9281
9268 9275
9271 9274
9269 9270
9272 9273
9277 9280
9278 9279
9330 9350
9331 9349
9332 9348
9344 9347
9333 9343
9334 9342
9335 9341
9336 9340
9338 9339
9345 9346
9358 9359
9404 9409
9402 9403
9395 9401
9396 9399
9397 9398
9407 9408
9405 9406
9436 9438
9432 9435
9433 9434
9451 9458
9456 9457
9452 9455
9453 9454
9461 9469
9467 9468
9465 9466
9462 9464
9491 9541
9508 9540
9492 9507
9493 9506
9494 9505
9495 9504
9496 9503
9501 9502
9499 9500
9497 9498
9511 9539
9509 9510
9515 9538
9512 9514
9516 9537
9519 9536
9517 9518
9520 9535
9533 9534
9528 9532
9521 9527
9524 9526
9522 9523
9529 9531
9547 9554
9548 9553
9551 9552
9549 9550
9600 9601
9612 9613
9606 9611
9607 9610
9608 9609
9620 10324
9618 9619
9623 10323
9621 9622
9626 10322
9624 9625
10198 10321
9627 10197
9628 10196
10194 10195
9629 10193
10191 10192
9630 10190
9633 10189
9631 9632
9634 10187
10148 10186
9636 10147
9637 10146
9638 10145
9639 10144
9640 10143
9641 10142
10140 10141
9642 10139
9643 10138
9646 10137
9644 9645
9647 10136
9657 10135
9648 9656
9653 9654
9649 9652
9650 9651
9658 10134
10127 10133
9659 10126
9816 10125
9660 9815
9661 9814
9662 9813
9810 9812
9663 9809
9670 9808
9664 9669
9665 9668
9666 9667
9806 9807
9804 9805
9671 9803
9736 9802
9672 9735
9673 9734
9715 9733
9674 9714
9675 9713
9710 9711
9676 9709
9691 9708
9677 9690
9688 9689
9686 9687
9678 9685
9683 9684
9679 9682
9680 9681
9696 9707
9692 9695
9693 9694
9697 9706
9698 9705
9703 9704
9699 9702
9700 9701
9716 9732
9717 9731
9718 9730
9719 9729
9720 9728
9721 9725
9722 9724
9737 9801
9738 9800
9743 9799
9739 9742
9740 9741
9781 9798
9744 9780
9778 9779
9745 9777
9756 9776
9746 9755
9749 9754
9747 9748
9752 9753
9750 9751
9759 9775
9757 9758
9762 9774
9763 9773
9770 9772
9764 9769
9765 9768
9766 9767
9782 9796
9785 9795
9783 9784
9786 9794
9787 9793
9788 9792
9789 9791
10113 10124
10111 10112
9817 10110
10104 10109
9818 10103
9819 10102
9881 10101
9852 9880
9820 9851
9821 9850
9822 9849
9825 9848
9823 9824
9826 9847
9827 9845
9828 9843
9841 9842
9829 9840
9832 9838
9830 9831
9833 9837
9877 9878
9866 9876
9853 9865
9856 9864
9854 9855
9857 9862
9860 9861
9858 9859
9867 9875
9869 9874
9872 9873
9870 9871
10099 10100
9882 10098
9990 10097
9883 9989
9987 9988
9884 9986
9885 9985
9961 9984
9959 9960
9886 9958
9889 9957
9887 9888
9893 9956
9890 9892
9896 9955
9894 9895
9953 9954
9897 9952
9898 9951
9899 9950
9900 9949
9913 9948
9901 9912
9906 9911
9902 9905
9903 9904
9907 9910
9908 9909
9940 9947
9914 9938
9915 9937
9916 9934
9924 9933
9917 9923
9921 9922
9918 9920
9925 9932
9928 9931
9926 9927
9929 9930
9943 9946
9941 9942
9944 9945
9980 9983
9976 9979
9972 9975
9962 9971
9969 9970
9963 9968
9964 9967
9965 9966
9973 9974
9977 9978
9981 9982
9991 10096
10090 10095
9992 10089
10087 10088
9993 10086
10082 10085
9994 10080
9995 10079
10071 10077
10065 10070
10008 10064
9996 10007
9997 10006
9998 10005
9999 10004
10000 10003
10001 10002
10057 10063
10009 10056
10011 10055
10052 10053
10012 10051
10049 10050
10013 10048
10016 10047
10014 10015
10017 10046
10018 10045
10019 10044
10020 10043
10022 10041
10023 10040
10024 10039
10025 10037
10026 10036
10027 10035
10028 10034
10029 10032
10030 10031
10058 10062
10059 10061
10066 10069
10067 10068
10072 10076
10073 10074
10083 10084
10091 10094
10092 10093
10105 10108
10106 10107
10122 10123
10116 10121
10114 10115
10117 10120
10118 10119
10130 10132
10128 10129
10149 10185
10164 10184
10150 10163
10161 10162
10151 10160
10158 10159
10153 10157
10154 10156
10165 10183
10172 10182
10166 10171
10167 10170
10168 10169
10173 10181
10174 10180
10177 10179
10175 10176
10319 10320
10207 10318
10205 10206
10199 10204
10200 10203
10201 10202
10308 10317
10208 10307
10301 10306
10209 10300
10210 10299
10211 10298
10213 10297
10214 10296
10283 10295
10215 10282
10216 10281
10217 10280
10218 10279
10263 10278
10219 10262
10220 10261
10259 10260
10221 10258
10222 10257
10253 10256
10224 10252
10225 10251
10226 10250
10244 10249
10227 10243
10228 10242
10235 10241
10229 10234
10230 10233
10231 10232
10236 10240
10237 10239
10246 10248
10254 10255
10272 10277
10264 10271
10265 10270
10266 10269
10267 10268
10273 10276
10274 10275
10284 10293
10287 10292
10285 10286
10288 10291
10289 10290
10304 10305
10302 10303
10311 10316
10309 10310
10312 10315
10313 10314
