284 5998
2 282
0 1
3 281
279 280
4 278
5 277
6 276
7 275
265 274
8 264
9 263
261 262
10 260
258 259
11 257
12 256
13 255
14 254
252 253
15 251
16 250
17 249
18 248
69 247
19 68
55 67
20 54
21 53
22 52
23 50
26 49
24 25
27 48
28 46
29 45
30 44
33 43
31 32
41 42
34 40
35 39
36 37
58 66
56 57
63 64
59 62
60 61
71 246
72 245
243 244
73 242
74 241
79 240
77 78
75 76
80 237
81 236
226 235
82 225
223 224
83 222
220 221
88 219
84 87
85 86
89 218
90 217
91 216
214 215
92 213
93 211
94 210
208 209
95 207
98 206
96 97
196 205
101 195
99 100
102 194
185 192
103 184
182 183
104 181
105 180
176 179
106 175
107 173
108 171
109 170
110 168
111 167
112 166
113 165
114 164
115 163
116 162
117 161
118 160
121 159
119 120
122 158
123 156
132 155
124 131
125 130
126 129
127 128
148 154
133 147
145 146
138 144
134 137
135 136
142 143
139 140
149 153
150 151
177 178
186 191
187 190
188 189
203 204
199 202
197 198
200 201
227 234
232 233
228 231
229 230
270 273
266 269
267 268
271 272
5527 5997
293 5526
291 292
285 290
286 289
287 288
294 5525
295 5524
296 5523
321 5522
297 320
298 319
307 318
299 306
302 305
300 301
303 304
316 317
308 315
311 314
309 310
312 313
5519 5521
322 5518
323 5516
407 5515
324 406
360 404
325 359
326 358
356 357
343 355
327 342
328 341
329 340
330 339
333 338
331 332
336 337
334 335
348 353
344 347
345 346
351 352
349 350
361 403
389 402
362 388
365 387
363 364
367 386
370 384
368 369
371 383
374 382
372 373
375 381
378 379
376 377
390 401
395 400
391 394
392 393
398 399
396 397
2731 5514
2727 2730
408 2726
2713 2725
409 2712
410 2711
2701 2710
411 2700
412 2699
413 2698
416 2696
414 415
417 2695
430 2694
419 427
424 426
420 423
421 422
434 2693
431 433
444 2692
437 443
435 436
438 442
439 440
445 2691
446 2690
452 2689
447 451
453 2688
2682 2686
454 2681
455 2680
456 2679
457 2678
480 2677
458 479
459 478
462 477
460 461
473 476
463 472
469 470
464 468
465 466
474 475
2672 2675
481 2671
482 2670
487 2667
483 486
484 485
488 2666
2664 2665
489 2663
491 2662
494 2661
492 493
2657 2660
498 2656
495 497
499 2654
500 2653
501 2652
504 2651
502 503
505 2650
506 2648
509 2647
507 508
510 2646
511 2645
512 2644
523 2643
513 522
520 521
516 519
514 515
517 518
2633 2642
524 2632
525 2631
527 2630
529 2629
534 2628
530 533
531 532
2625 2627
535 2624
536 2623
2618 2622
2616 2617
537 2615
540 2613
538 539
541 2612
542 2611
2601 2610
543 2600
544 2599
547 2598
545 546
556 2597
548 555
549 554
550 553
551 552
2593 2596
573 2592
559 572
557 558
568 571
560 566
561 565
562 564
569 570
595 2591
574 594
575 593
577 591
578 590
581 589
579 580
582 588
583 587
584 585
2589 2590
596 2588
597 2587
2583 2586
598 2581
599 2580
2578 2579
2572 2577
600 2571
601 2570
603 2569
604 2568
605 2567
606 2566
607 2565
2234 2564
608 2233
609 2232
2226 2231
610 2225
611 2224
612 2223
613 2222
614 2221
620 2220
617 619
615 616
2216 2219
621 2215
622 2214
625 2213
623 624
626 2212
629 2211
627 628
632 2210
630 631
2206 2209
633 2205
634 2204
635 2203
636 2202
637 2201
641 2198
639 640
643 2197
648 2196
644 647
645 646
804 2195
649 803
650 802
651 801
708 798
652 706
653 705
700 704
692 699
690 691
654 689
685 688
655 684
674 683
656 673
661 672
657 660
658 659
662 671
663 670
664 667
665 666
679 682
677 678
675 676
680 681
686 687
693 698
694 697
701 702
710 797
711 796
712 795
725 794
713 724
716 722
714 715
719 721
717 718
732 793
726 731
727 730
733 792
747 791
736 746
734 735
740 745
737 739
741 744
742 743
748 790
752 789
749 751
786 787
781 785
753 779
758 778
754 757
755 756
765 777
763 764
759 762
760 761
766 775
773 774
767 772
768 771
769 770
783 784
805 2194
806 2193
807 2192
824 2191
808 823
821 822
809 820
812 819
810 811
813 818
814 817
815 816
825 2190
2186 2189
826 2185
827 2184
828 2182
2178 2181
2176 2177
829 2175
830 2174
837 2173
831 836
832 835
833 834
936 2172
838 935
858 934
839 857
850 856
840 849
841 848
844 847
842 843
845 846
852 855
853 854
891 933
859 890
860 889
867 888
861 866
864 865
862 863
868 887
869 886
870 885
871 884
872 883
873 882
876 881
877 880
878 879
931 932
894 930
892 893
895 929
927 928
896 926
897 925
898 924
918 923
910 917
899 909
902 908
900 901
903 906
904 905
911 916
914 915
912 913
920 921
2168 2171
2166 2167
937 2165
1680 2164
939 1679
940 1678
941 1677
1675 1676
983 1674
942 982
943 981
944 980
949 979
947 948
945 946
950 978
951 977
952 976
957 975
953 956
954 955
964 974
958 963
959 962
960 961
965 973
968 972
970 971
998 1673
984 997
994 995
985 990
986 989
987 988
999 1672
1000 1669
1001 1668
1002 1667
1003 1663
1004 1661
1005 1660
1658 1659
1006 1657
1019 1656
1015 1018
1007 1014
1010 1013
1008 1009
1011 1012
1016 1017
1052 1655
1022 1051
1020 1021
1023 1049
1030 1048
1024 1029
1025 1028
1026 1027
1031 1047
1036 1046
1032 1035
1033 1034
1044 1045
1037 1043
1038 1042
1040 1041
1053 1654
1652 1653
1650 1651
1058 1649
1054 1057
1637 1648
1059 1636
1061 1635
1633 1634
1062 1631
1063 1630
1619 1629
1065 1618
1616 1617
1066 1615
1069 1614
1067 1068
1093 1613
1070 1092
1071 1091
1080 1090
1072 1079
1075 1078
1073 1074
1076 1077
1081 1089
1082 1088
1083 1087
1084 1086
1094 1612
1101 1611
1095 1100
1098 1099
1096 1097
1609 1610
1102 1608
1103 1606
1128 1605
1104 1126
1105 1125
1106 1124
1107 1123
1108 1122
1120 1121
1109 1119
1112 1117
1110 1111
1113 1116
1114 1115
1592 1603
1129 1591
1587 1590
1130 1586
1584 1585
1147 1583
1133 1146
1131 1132
1134 1145
1136 1144
1137 1143
1138 1142
1140 1141
1557 1582
1148 1556
1149 1555
1150 1554
1151 1553
1152 1552
1153 1551
1547 1548
1522 1546
1154 1521
1155 1520
1156 1519
1157 1518
1158 1517
1161 1516
1159 1160
1501 1515
1162 1500
1163 1499
1491 1498
1488 1489
1484 1487
1164 1483
1165 1482
1184 1481
1168 1183
1166 1167
1179 1182
1169 1178
1170 1176
1174 1175
1171 1173
1180 1181
1185 1480
1186 1479
1477 1478
1187 1476
1192 1475
1188 1191
1189 1190
1193 1474
1460 1473
1194 1459
1195 1458
1453 1457
1196 1452
1199 1451
1197 1198
1214 1450
1211 1213
1200 1210
1201 1209
1207 1208
1204 1205
1202 1203
1215 1449
1216 1448
1217 1446
1218 1445
1443 1444
1221 1442
1219 1220
1224 1440
1222 1223
1225 1439
1226 1438
1234 1437
1227 1233
1228 1232
1229 1230
1237 1435
1235 1236
1238 1434
1261 1433
1257 1260
1239 1256
1249 1255
1240 1248
1246 1247
1241 1245
1242 1244
1253 1254
1250 1252
1258 1259
1262 1432
1265 1431
1263 1264
1267 1430
1268 1429
1276 1428
1269 1275
1273 1274
1270 1271
1278 1427
1279 1426
1280 1424
1286 1423
1281 1285
1283 1284
1287 1422
1409 1420
1288 1408
1289 1407
1290 1406
1291 1405
1292 1404
1293 1403
1294 1402
1305 1400
1299 1304
1295 1298
1296 1297
1300 1303
1301 1302
1311 1399
1306 1310
1307 1309
1316 1398
1312 1315
1313 1314
1362 1397
1356 1361
1317 1355
1318 1354
1351 1353
1319 1350
1346 1349
1320 1345
1321 1344
1332 1343
1322 1331
1328 1329
1323 1327
1324 1326
1341 1342
1337 1340
1333 1336
1334 1335
1338 1339
1357 1360
1358 1359
1363 1396
1364 1395
1365 1394
1366 1393
1367 1392
1382 1391
1368 1381
1369 1380
1370 1379
1371 1378
1376 1377
1372 1375
1373 1374
1383 1390
1384 1389
1385 1388
1386 1387
1410 1418
1411 1417
1412 1416
1454 1456
1461 1472
1470 1471
1462 1469
1463 1468
1466 1467
1464 1465
1485 1486
1492 1497
1493 1496
1494 1495
1502 1514
1507 1513
1505 1506
1503 1504
1508 1512
1509 1511
1544 1545
1523 1543
1524 1542
1525 1541
1530 1540
1526 1529
1531 1539
1532 1537
1533 1536
1534 1535
1575 1580
1558 1574
1559 1573
1560 1572
1562 1571
1563 1570
1564 1569
1566 1567
1576 1579
1577 1578
1588 1589
1594 1602
1595 1600
1596 1599
1597 1598
1620 1628
1621 1627
1622 1626
1623 1625
1642 1647
1638 1641
1639 1640
1643 1646
1644 1645
1681 2163
1682 2162
1684 2161
1909 2160
1907 1908
1685 1906
1686 1905
1696 1904
1689 1694
1687 1688
1692 1693
1690 1691
1699 1903
1697 1698
1700 1902
1896 1901
1894 1895
1890 1893
1701 1889
1702 1888
1886 1887
1704 1885
1705 1884
1710 1883
1706 1709
1707 1708
1711 1882
1712 1881
1715 1880
1713 1714
1718 1879
1719 1877
1817 1876
1720 1816
1721 1815
1801 1814
1797 1800
1722 1796
1723 1795
1731 1794
1724 1730
1725 1728
1726 1727
1732 1792
1733 1791
1734 1790
1743 1789
1741 1742
1735 1740
1736 1739
1737 1738
1777 1788
1748 1776
1744 1747
1745 1746
1749 1775
1759 1773
1753 1758
1750 1752
1756 1757
1754 1755
1760 1772
1764 1771
1761 1763
1769 1770
1765 1768
1766 1767
1784 1785
1778 1783
1781 1782
1779 1780
1798 1799
1805 1813
1802 1804
1811 1812
1806 1810
1807 1809
1818 1875
1819 1874
1820 1873
1821 1872
1827 1871
1824 1826
1822 1823
1828 1870
1829 1869
1830 1868
1862 1867
1831 1861
1832 1860
1858 1859
1833 1857
1834 1856
1835 1855
1836 1851
1837 1850
1840 1849
1843 1848
1841 1842
1844 1847
1863 1866
1864 1865
1891 1892
1897 1900
1898 1899
1910 2159
2144 2158
1911 2143
2043 2142
1914 2042
1912 1913
1915 2041
1925 2040
1923 1924
1917 1922
1918 1921
1919 1920
1927 2039
1928 2038
1950 2037
1929 1949
1930 1948
1944 1947
1931 1943
1932 1942
1933 1941
1939 1940
1936 1938
1934 1935
1945 1946
1951 2036
1952 2035
1976 2034
1954 1974
1965 1973
1955 1964
1960 1963
1956 1959
1957 1958
1961 1962
1966 1972
1967 1971
1968 1970
1977 2033
2008 2032
1978 2007
1983 2006
1979 1982
1980 1981
1984 2005
1994 2004
1985 1993
1986 1992
1988 1991
1989 1990
1997 2003
1995 1996
1998 2001
1999 2000
2009 2031
2010 2030
2011 2029
2012 2028
2013 2027
2014 2026
2015 2025
2020 2024
2016 2019
2017 2018
2021 2023
2048 2141
2044 2047
2045 2046
2139 2140
2051 2138
2049 2050
2134 2137
2130 2133
2052 2128
2120 2127
2074 2119
2053 2073
2071 2072
2054 2070
2055 2069
2059 2067
2056 2057
2060 2066
2061 2065
2062 2063
2077 2118
2075 2076
2078 2117
2087 2116
2079 2086
2080 2085
2081 2084
2082 2083
2099 2115
2088 2098
2094 2097
2089 2092
2090 2091
2095 2096
2100 2114
2112 2113
2101 2111
2102 2110
2103 2109
2104 2108
2105 2106
2125 2126
2121 2124
2122 2123
2131 2132
2135 2136
2151 2157
2145 2150
2146 2149
2147 2148
2155 2156
2152 2154
2169 2170
2179 2180
2187 2188
2207 2208
2217 2218
2229 2230
2227 2228
2561 2563
2559 2560
2237 2558
2235 2236
2550 2556
2238 2549
2239 2548
2240 2547
2242 2546
2496 2545
2243 2495
2254 2494
2244 2253
2245 2252
2246 2251
2247 2250
2248 2249
2255 2493
2491 2492
2256 2490
2274 2489
2257 2273
2268 2272
2258 2267
2259 2266
2260 2265
2261 2264
2269 2270
2275 2488
2288 2487
2276 2287
2285 2286
2277 2284
2280 2283
2278 2279
2281 2282
2424 2486
2289 2423
2290 2422
2291 2421
2292 2420
2293 2419
2294 2418
2416 2417
2414 2415
2410 2412
2295 2409
2407 2408
2405 2406
2296 2404
2308 2403
2297 2307
2298 2306
2304 2305
2299 2303
2300 2302
2328 2402
2324 2327
2309 2323
2310 2322
2311 2321
2314 2320
2312 2313
2318 2319
2315 2317
2325 2326
2351 2401
2329 2350
2344 2349
2341 2343
2330 2340
2335 2339
2333 2334
2331 2332
2336 2337
2347 2348
2345 2346
2352 2400
2353 2399
2354 2398
2355 2397
2374 2396
2356 2373
2367 2372
2357 2365
2358 2364
2362 2363
2359 2361
2368 2371
2369 2370
2375 2395
2376 2394
2377 2393
2378 2392
2379 2391
2386 2389
2380 2385
2381 2384
2382 2383
2387 2388
2425 2485
2426 2483
2427 2482
2464 2481
2462 2463
2428 2461
2429 2460
2430 2459
2457 2458
2431 2456
2435 2455
2432 2434
2436 2454
2441 2453
2438 2439
2449 2452
2442 2448
2443 2446
2444 2445
2450 2451
2465 2479
2466 2478
2476 2477
2470 2475
2467 2469
2471 2474
2472 2473
2499 2544
2497 2498
2501 2543
2503 2541
2510 2540
2504 2509
2505 2508
2506 2507
2511 2539
2518 2537
2512 2517
2513 2516
2514 2515
2519 2536
2520 2535
2521 2534
2522 2533
2525 2532
2523 2524
2526 2531
2529 2530
2527 2528
2551 2554
2552 2553
2573 2576
2574 2575
2584 2585
2594 2595
2602 2609
2603 2608
2604 2607
2605 2606
2619 2621
2634 2641
2635 2640
2636 2639
2637 2638
2658 2659
2673 2674
2683 2685
2708 2709
2702 2707
2703 2706
2704 2705
2714 2724
2718 2723
2715 2717
2721 2722
2719 2720
2728 2729
2732 5513
5511 5512
2741 5510
2733 2740
2734 2739
2737 2738
2735 2736
2742 5509
2743 5507
2798 5506
2744 2797
2747 2796
2745 2746
2748 2795
2784 2794
2749 2783
2778 2782
2750 2777
2751 2776
2752 2775
2763 2774
2753 2762
2754 2761
2755 2760
2756 2759
2757 2758
2766 2773
2764 2765
2767 2772
2769 2771
2779 2780
2785 2793
2788 2792
2786 2787
2789 2790
2801 5505
2799 2800
2802 5504
2803 5503
5489 5502
2804 5488
2808 5487
2805 2807
5485 5486
2809 5484
2812 5483
2810 2811
2817 5482
2815 2816
2813 2814
2818 5481
5479 5480
2819 5478
2820 5477
4230 5476
2821 4229
2822 4228
2823 4227
2824 4226
4222 4225
2825 4221
2826 4219
2827 4218
2828 4217
2850 4216
2829 2849
2841 2848
2830 2840
2831 2838
2832 2837
2833 2836
2846 2847
2844 2845
2842 2843
2851 4215
2852 4213
2865 4212
2853 2864
2862 2863
2854 2861
2859 2860
2855 2858
2856 2857
2883 4211
2866 2882
2867 2881
2868 2880
2869 2879
2877 2878
2870 2875
2873 2874
2871 2872
2884 4210
2885 4209
4206 4208
2886 4205
2887 4204
2888 4203
4194 4202
2889 4193
2890 4192
2891 4191
2894 4190
2892 2893
2895 4189
2897 4187
2898 4186
2899 4185
4183 4184
2902 4182
2900 2901
2905 4181
2903 2904
2906 4180
4178 4179
2907 4177
2908 4176
2909 4175
4173 4174
2911 4172
4169 4170
2912 4168
2913 4167
2915 4165
2916 4164
4162 4163
2917 4161
2918 4160
4158 4159
2919 4157
2920 4156
4137 4155
2921 4136
2922 4135
4127 4134
2923 4126
2924 4125
2925 4124
2930 4123
2926 2929
2927 2928
2931 4122
2932 4121
2933 4120
2934 4119
2937 4118
2935 2936
2938 4116
2939 4115
2940 4114
3510 4113
2941 3509
3507 3508
2944 3506
2942 2943
3500 3505
2945 3499
2946 3498
2964 3497
2955 2963
2947 2954
2948 2953
2949 2952
2950 2951
2956 2962
2960 2961
2957 2959
3205 3496
2973 3204
2965 2972
2968 2971
2966 2967
2969 2970
2974 3203
2989 3202
2978 2988
2975 2977
2979 2987
2980 2986
2982 2985
2983 2984
3198 3201
3191 3197
2992 3190
2990 2991
3001 3189
2993 3000
2994 2999
2995 2998
2996 2997
3185 3188
3017 3184
3002 3016
3005 3015
3003 3004
3006 3013
3007 3012
3008 3011
3009 3010
3018 3183
3022 3182
3019 3020
3023 3181
3024 3180
3178 3179
3025 3177
3026 3176
3129 3174
3029 3128
3027 3028
3038 3127
3034 3037
3030 3033
3031 3032
3035 3036
3039 3126
3121 3125
3040 3120
3044 3119
3041 3043
3045 3118
3046 3117
3111 3116
3047 3110
3048 3109
3051 3108
3049 3050
3083 3107
3053 3082
3054 3080
3055 3079
3056 3078
3076 3077
3057 3075
3058 3074
3065 3073
3061 3064
3059 3060
3062 3063
3066 3071
3067 3070
3068 3069
3084 3106
3088 3105
3085 3087
3089 3104
3090 3103
3091 3102
3092 3101
3093 3100
3096 3099
3094 3095
3097 3098
3114 3115
3112 3113
3122 3124
3172 3173
3156 3171
3130 3155
3153 3154
3131 3152
3141 3151
3132 3140
3135 3136
3133 3134
3142 3150
3148 3149
3143 3147
3144 3146
3157 3170
3158 3169
3167 3168
3159 3166
3164 3165
3160 3163
3161 3162
3186 3187
3192 3196
3193 3195
3199 3200
3493 3495
3206 3492
3207 3491
3241 3490
3237 3240
3208 3236
3209 3235
3225 3234
3210 3224
3211 3223
3212 3222
3213 3221
3216 3219
3214 3215
3217 3218
3232 3233
3226 3231
3227 3230
3228 3229
3238 3239
3242 3489
3243 3488
3244 3487
3466 3485
3245 3465
3246 3464
3257 3463
3255 3256
3247 3254
3250 3252
3248 3249
3258 3462
3285 3461
3261 3284
3259 3260
3262 3283
3263 3282
3266 3281
3278 3280
3267 3277
3268 3276
3269 3274
3270 3273
3271 3272
3288 3460
3286 3287
3458 3459
3289 3457
3290 3456
3445 3455
3291 3444
3293 3443
3441 3442
3438 3440
3436 3437
3294 3435
3319 3434
3295 3318
3316 3317
3298 3315
3296 3297
3299 3314
3302 3312
3300 3301
3303 3311
3306 3310
3304 3305
3307 3309
3320 3433
3321 3432
3322 3431
3323 3430
3324 3429
3427 3428
3325 3426
3339 3425
3326 3338
3327 3337
3328 3335
3330 3334
3332 3333
3340 3424
3341 3423
3414 3422
3342 3413
3385 3412
3343 3384
3344 3383
3347 3382
3345 3346
3349 3380
3377 3378
3350 3376
3351 3375
3352 3374
3353 3373
3354 3372
3355 3371
3356 3370
3360 3369
3357 3359
3361 3368
3366 3367
3362 3365
3363 3364
3405 3411
3386 3404
3387 3403
3388 3401
3389 3400
3392 3399
3393 3398
3396 3397
3394 3395
3409 3410
3406 3408
3417 3419
3446 3454
3449 3451
3467 3483
3481 3482
3468 3480
3469 3479
3472 3477
3470 3471
3473 3476
3474 3475
3502 3503
3512 4112
3513 4111
3670 4110
3585 3669
3516 3584
3514 3515
3517 3583
3581 3582
3518 3580
3572 3579
3537 3571
3519 3536
3533 3535
3520 3532
3521 3531
3522 3530
3525 3528
3523 3524
3526 3527
3538 3569
3539 3568
3564 3567
3542 3563
3540 3541
3545 3562
3543 3544
3546 3561
3547 3560
3548 3558
3556 3557
3554 3555
3550 3553
3551 3552
3565 3566
3573 3578
3576 3577
3574 3575
3586 3668
3587 3667
3589 3666
3590 3665
3591 3664
3601 3663
3592 3600
3595 3599
3593 3594
3596 3597
3602 3662
3609 3661
3605 3608
3603 3604
3606 3607
3612 3660
3610 3611
3658 3659
3651 3657
3613 3650
3614 3649
3647 3648
3645 3646
3628 3644
3615 3627
3616 3626
3617 3625
3618 3624
3619 3623
3621 3622
3629 3643
3630 3642
3631 3641
3635 3640
3633 3634
3636 3639
3637 3638
3653 3656
3654 3655
3671 4109
4077 4108
3909 4076
3672 3908
3906 3907
3673 3905
3674 3903
3675 3902
3778 3901
3682 3777
3680 3681
3676 3679
3677 3678
3683 3776
3684 3775
3685 3774
3765 3772
3686 3764
3687 3763
3688 3761
3692 3760
3689 3690
3693 3759
3752 3758
3696 3751
3694 3695
3749 3750
3743 3748
3697 3742
3700 3741
3698 3699
3735 3738
3701 3734
3702 3733
3703 3732
3704 3731
3709 3730
3705 3708
3706 3707
3717 3729
3710 3716
3711 3715
3712 3714
3718 3728
3719 3727
3725 3726
3720 3724
3722 3723
3736 3737
3746 3747
3744 3745
3755 3757
3753 3754
3768 3771
3766 3767
3769 3770
3781 3900
3779 3780
3782 3898
3783 3897
3784 3896
3807 3895
3785 3806
3786 3805
3802 3803
3787 3801
3788 3800
3789 3799
3790 3797
3791 3796
3792 3795
3793 3794
3890 3894
3888 3889
3808 3887
3813 3886
3811 3812
3809 3810
3814 3885
3815 3884
3866 3883
3816 3865
3817 3864
3858 3863
3818 3857
3821 3856
3822 3855
3823 3854
3832 3853
3824 3831
3828 3830
3825 3827
3838 3852
3834 3837
3835 3836
3844 3851
3839 3843
3840 3842
3845 3850
3848 3849
3846 3847
3859 3862
3860 3861
3867 3882
3868 3881
3875 3878
3869 3874
3870 3873
3871 3872
3876 3877
3891 3892
3910 4075
3911 4074
4058 4073
3912 4057
3915 4056
3913 3914
4054 4055
3916 4053
3930 4052
3917 3929
3918 3928
3919 3926
3920 3925
3921 3924
3922 3923
3931 4051
3932 4050
3949 4049
3945 3948
3933 3944
3938 3943
3934 3937
3935 3936
3939 3942
3940 3941
3946 3947
4045 4048
3950 4044
3953 4043
3951 3952
3964 4042
3956 3963
3954 3955
3957 3962
3958 3961
3959 3960
3965 4039
4037 4038
3966 4036
3967 4034
3968 4033
3973 4032
3969 3972
3970 3971
3974 4031
3976 4029
3978 4027
3981 4026
3979 3980
3982 4025
4017 4024
3991 4016
3983 3990
3984 3989
3985 3988
3986 3987
3992 4015
3993 4014
4012 4013
3998 4011
3994 3997
3995 3996
3999 4010
4000 4009
4001 4008
4004 4007
4002 4003
4005 4006
4022 4023
4018 4021
4019 4020
4062 4071
4059 4061
4063 4070
4066 4069
4064 4065
4067 4068
4106 4107
4086 4105
4078 4085
4079 4084
4082 4083
4080 4081
4087 4104
4100 4103
4088 4099
4089 4098
4096 4097
4090 4095
4091 4094
4092 4093
4101 4102
4130 4133
4128 4129
4138 4154
4139 4153
4140 4152
4144 4151
4142 4143
4147 4150
4145 4146
4148 4149
4197 4201
4195 4196
4198 4200
4223 4224
4231 5475
5469 5474
4232 5468
5439 5467
4233 5438
4236 5437
4234 4235
4237 5436
4238 5435
5431 5434
4239 5430
4240 5429
4241 5428
5420 5427
4828 5419
4242 4826
4248 4825
4245 4246
4243 4244
4249 4824
4255 4823
4250 4254
4252 4253
4256 4822
4257 4821
4258 4820
4818 4819
4270 4817
4268 4269
4260 4267
4263 4266
4261 4262
4264 4265
4271 4816
4814 4815
4812 4813
4272 4811
4273 4810
4274 4809
4402 4808
4275 4400
4278 4399
4276 4277
4279 4398
4280 4397
4301 4396
4281 4300
4294 4299
4284 4293
4282 4283
4285 4292
4286 4291
4287 4290
4288 4289
4295 4298
4296 4297
4302 4395
4303 4394
4308 4393
4304 4307
4305 4306
4381 4392
4309 4380
4320 4379
4310 4319
4311 4318
4312 4317
4313 4316
4314 4315
4321 4378
4324 4377
4322 4323
4325 4376
4359 4375
4326 4358
4327 4357
4328 4355
4353 4354
4329 4352
4331 4351
4332 4350
4333 4349
4334 4348
4346 4347
4335 4345
4336 4344
4339 4343
4337 4338
4340 4341
4367 4374
4360 4366
4361 4365
4362 4363
4368 4373
4371 4372
4369 4370
4382 4391
4383 4390
4384 4389
4385 4388
4386 4387
4565 4807
4403 4564
4404 4563
4549 4562
4405 4548
4542 4547
4419 4541
4417 4418
4406 4416
4407 4415
4408 4414
4409 4413
4411 4412
4420 4540
4538 4539
4421 4537
4531 4536
4422 4530
4423 4529
4424 4528
4502 4527
4425 4501
4497 4500
4426 4496
4494 4495
4429 4493
4427 4428
4430 4492
4437 4491
4432 4433
4489 4490
4438 4488
4441 4487
4443 4485
4471 4484
4444 4470
4447 4469
4445 4446
4458 4468
4448 4457
4453 4456
4451 4452
4449 4450
4454 4455
4460 4466
4464 4465
4461 4462
4473 4483
4474 4482
4475 4481
4476 4480
4477 4479
4498 4499
4503 4526
4504 4525
4505 4524
4514 4523
4506 4513
4511 4512
4507 4510
4508 4509
4515 4522
4518 4521
4516 4517
4519 4520
4532 4535
4533 4534
4544 4545
4550 4561
4553 4560
4551 4552
4554 4559
4557 4558
4555 4556
4688 4806
4568 4687
4566 4567
4569 4686
4673 4684
4572 4672
4570 4571
4575 4671
4573 4574
4589 4670
4576 4588
4584 4587
4577 4583
4578 4581
4579 4580
4585 4586
4668 4669
4590 4667
4651 4666
4591 4650
4602 4649
4592 4601
4599 4600
4593 4598
4596 4597
4603 4648
4604 4647
4605 4646
4622 4645
4606 4621
4607 4619
4608 4618
4611 4617
4609 4610
4612 4616
4613 4615
4641 4644
4623 4640
4624 4637
4635 4636
4625 4634
4632 4633
4626 4631
4627 4630
4628 4629
4642 4643
4658 4665
4652 4657
4653 4656
4654 4655
4659 4664
4660 4663
4661 4662
4682 4683
4674 4681
4675 4680
4676 4679
4677 4678
4691 4805
4689 4690
4694 4804
4692 4693
4695 4803
4797 4802
4696 4796
4697 4795
4793 4794
4698 4792
4699 4790
4702 4789
4700 4701
4708 4788
4703 4706
4704 4705
4709 4787
4783 4786
4710 4782
4711 4781
4712 4780
4713 4779
4714 4778
4764 4777
4723 4763
4715 4722
4716 4721
4719 4720
4717 4718
4724 4762
4733 4761
4727 4732
4725 4726
4728 4731
4729 4730
4734 4760
4735 4759
4757 4758
4736 4755
4737 4754
4738 4753
4743 4752
4741 4742
4739 4740
4750 4751
4744 4749
4745 4748
4746 4747
4765 4776
4772 4775
4766 4771
4767 4770
4768 4769
4773 4774
4784 4785
4798 4801
4799 4800
4829 5418
4834 5417
4830 4833
4831 4832
5411 5416
4835 5410
4836 5409
4837 5408
4838 5407
4842 5406
4839 4841
4843 5405
4844 5404
5400 5403
4845 5399
4846 5398
4847 5396
4848 5394
4851 5393
4849 4850
4852 5392
4853 5391
5387 5390
4854 5386
4857 5385
4855 4856
4859 5384
4860 5383
4909 5382
4861 4908
4862 4906
4863 4905
4864 4904
4865 4903
4868 4902
4866 4867
4895 4901
4893 4894
4875 4892
4869 4874
4870 4873
4876 4891
4877 4890
4884 4889
4878 4881
4879 4880
4885 4888
4886 4887
4896 4900
4897 4899
4910 5381
4911 5380
4912 5379
5375 5378
4913 5374
4914 5373
4919 5372
4915 4918
4916 4917
5367 5371
5365 5366
4920 5364
5325 5363
4921 5323
4922 5322
4923 5321
4926 5320
4924 4925
4933 5319
4929 4932
4927 4928
4930 4931
4934 5317
4937 5316
4935 4936
5314 5315
4938 5313
4942 5312
4939 4941
4943 5309
4944 5308
4967 5307
4945 4966
4951 4965
4946 4949
4947 4948
4952 4964
4962 4963
4953 4961
4954 4960
4958 4959
4955 4957
5285 5306
4968 5284
4972 5283
4970 4971
4973 5282
4974 5281
4979 5280
4975 4978
4976 4977
4982 5279
4980 4981
4983 5278
5276 5277
4984 5275
4985 5274
4989 5273
4986 4987
4990 5272
5131 5271
4991 5130
4992 5129
4995 5128
4993 4994
4996 5127
4997 5126
5047 5125
4998 5046
4999 5045
5041 5044
5038 5039
5004 5037
5000 5003
5001 5002
5005 5036
5034 5035
5030 5033
5006 5029
5027 5028
5007 5026
5008 5025
5023 5024
5009 5022
5012 5021
5010 5011
5013 5020
5014 5019
5017 5018
5015 5016
5031 5032
5042 5043
5048 5124
5122 5123
5049 5121
5050 5120
5051 5119
5052 5118
5053 5116
5056 5115
5054 5055
5057 5114
5098 5113
5058 5097
5093 5096
5091 5092
5059 5090
5060 5089
5061 5088
5078 5087
5062 5077
5063 5076
5064 5075
5065 5074
5066 5073
5067 5072
5070 5071
5068 5069
5079 5086
5080 5085
5081 5084
5082 5083
5094 5095
5099 5112
5100 5110
5101 5109
5102 5108
5104 5107
5105 5106
5134 5270
5132 5133
5135 5269
5197 5268
5136 5196
5139 5195
5137 5138
5160 5194
5140 5159
5141 5158
5142 5157
5151 5156
5143 5150
5144 5149
5145 5148
5146 5147
5152 5155
5153 5154
5161 5193
5162 5192
5163 5191
5166 5190
5164 5165
5167 5189
5187 5188
5170 5186
5168 5169
5171 5185
5172 5184
5173 5183
5178 5181
5174 5177
5175 5176
5179 5180
5198 5267
5199 5266
5200 5265
5259 5264
5201 5258
5206 5257
5202 5205
5203 5204
5255 5256
5207 5254
5238 5252
5210 5237
5208 5209
5211 5236
5230 5235
5212 5229
5227 5228
5217 5226
5213 5216
5214 5215
5218 5225
5219 5224
5220 5223
5221 5222
5233 5234
5231 5232
5249 5250
5245 5248
5239 5244
5240 5243
5241 5242
5246 5247
5260 5263
5261 5262
5296 5305
5294 5295
5286 5293
5287 5292
5289 5291
5297 5304
5302 5303
5298 5301
5299 5300
5328 5362
5326 5327
5330 5361
5331 5360
5352 5359
5332 5351
5335 5350
5333 5334
5336 5349
5339 5348
5337 5338
5340 5347
5345 5346
5341 5344
5342 5343
5357 5358
5353 5356
5354 5355
5368 5369
5376 5377
5388 5389
5401 5402
5412 5415
5413 5414
5421 5426
5422 5425
5423 5424
5432 5433
5442 5465
5440 5441
5443 5464
5460 5463
5444 5459
5453 5458
5445 5452
5450 5451
5446 5449
5447 5448
5456 5457
5454 5455
5461 5462
5470 5473
5471 5472
5496 5501
5490 5495
5491 5494
5492 5493
5497 5500
5498 5499
5529 5996
5981 5995
5979 5980
5530 5978
5532 5977
5533 5976
5970 5975
5534 5969
5535 5968
5576 5967
5536 5575
5573 5574
5538 5572
5539 5571
5540 5570
5541 5569
5542 5568
5543 5567
5565 5566
5544 5564
5545 5563
5546 5562
5560 5561
5549 5558
5547 5548
5550 5557
5553 5556
5551 5552
5554 5555
5577 5966
5749 5965
5578 5748
5579 5747
5743 5746
5593 5742
5580 5592
5588 5591
5581 5587
5582 5586
5583 5585
5589 5590
5594 5741
5731 5740
5595 5730
5596 5729
5597 5728
5724 5725
5598 5723
5599 5722
5602 5721
5600 5601
5616 5720
5603 5615
5604 5614
5607 5613
5605 5606
5609 5611
5617 5719
5678 5718
5618 5677
5621 5676
5619 5620
5622 5675
5623 5674
5624 5673
5666 5672
5625 5665
5650 5664
5645 5649
5626 5644
5627 5643
5628 5642
5629 5641
5630 5640
5631 5639
5637 5638
5632 5636
5633 5635
5647 5648
5651 5663
5652 5662
5653 5661
5656 5660
5654 5655
5657 5659
5667 5671
5669 5670
5680 5717
5708 5716
5681 5707
5692 5706
5682 5691
5683 5690
5684 5689
5685 5688
5686 5687
5693 5704
5694 5703
5695 5702
5696 5701
5697 5700
5698 5699
5711 5715
5709 5710
5712 5713
5732 5739
5733 5738
5734 5737
5735 5736
5744 5745
5753 5964
5751 5752
5756 5962
5754 5755
5950 5961
5757 5949
5758 5948
5759 5947
5850 5946
5760 5849
5761 5848
5762 5847
5793 5846
5765 5792
5763 5764
5776 5791
5766 5775
5773 5774
5767 5772
5768 5771
5769 5770
5777 5790
5778 5789
5779 5788
5780 5787
5785 5786
5781 5784
5844 5845
5794 5843
5795 5842
5796 5841
5797 5840
5799 5839
5800 5837
5801 5836
5806 5835
5807 5833
5808 5832
5815 5831
5809 5814
5810 5813
5811 5812
5816 5830
5817 5829
5818 5828
5819 5827
5820 5826
5822 5825
5823 5824
5933 5945
5851 5932
5854 5931
5852 5853
5855 5930
5856 5929
5896 5928
5857 5894
5858 5893
5859 5891
5860 5890
5861 5889
5887 5888
5862 5886
5864 5885
5867 5884
5865 5866
5871 5883
5868 5870
5877 5882
5872 5876
5873 5875
5878 5881
5879 5880
5901 5927
5897 5900
5898 5899
5902 5926
5924 5925
5903 5923
5904 5922
5905 5921
5909 5920
5906 5907
5918 5919
5910 5917
5911 5916
5912 5915
5913 5914
5934 5943
5940 5942
5935 5939
5937 5938
5953 5960
5951 5952
5956 5959
5954 5955
5957 5958
5971 5974
5972 5973
5982 5994
5987 5993
5985 5986
5983 5984
5988 5992
5989 5990
