8 5398
0 7
5 6
3 4
1 2
703 5397
20 702
11 19
9 10
12 18
13 17
14 15
21 701
22 700
23 699
24 698
31 697
25 30
28 29
26 27
636 696
32 635
33 634
34 632
35 630
36 629
39 627
37 38
621 626
40 620
43 618
41 42
44 617
45 616
48 615
46 47
49 614
612 613
52 611
50 51
53 610
54 609
602 608
55 601
591 600
589 590
56 588
57 587
58 586
570 585
59 569
60 568
61 566
71 565
64 69
62 63
65 68
66 67
72 564
73 563
76 562
74 75
555 561
79 554
77 78
80 553
391 552
81 390
84 389
82 83
310 388
281 309
85 280
275 279
88 274
86 87
102 272
91 101
89 90
92 99
97 98
95 96
93 94
105 271
103 104
106 270
107 269
111 268
108 109
116 267
112 115
113 114
119 266
117 118
131 265
124 130
120 123
121 122
125 129
126 127
132 264
262 263
133 261
168 260
159 167
134 158
136 157
151 156
149 150
142 148
137 140
138 139
143 147
144 145
152 155
153 154
160 166
161 165
162 164
176 259
173 174
171 172
169 170
177 258
178 257
179 255
180 252
224 251
182 223
219 222
183 218
184 216
187 215
185 186
188 214
189 213
190 211
209 210
191 208
192 207
193 206
198 205
196 197
194 195
201 202
220 221
227 250
225 226
228 249
229 248
230 247
241 246
231 240
236 239
234 235
232 233
237 238
244 245
242 243
276 278
282 308
284 307
285 306
286 305
287 304
296 303
288 295
289 293
290 292
299 301
297 298
311 387
384 386
367 383
312 366
341 365
313 340
322 339
314 321
319 320
315 318
316 317
323 338
324 337
331 336
325 330
328 329
326 327
334 335
332 333
342 364
356 363
343 355
350 353
344 349
347 348
345 346
351 352
357 362
358 361
359 360
368 382
369 381
370 380
371 379
374 378
372 373
375 377
392 551
393 550
548 549
394 547
395 546
398 545
396 397
399 544
542 543
400 541
401 540
406 539
402 405
403 404
407 538
408 537
417 536
415 416
409 414
410 413
411 412
418 535
436 534
419 435
431 434
420 430
423 429
421 422
424 428
426 427
432 433
437 533
521 532
446 520
438 445
439 444
442 443
440 441
447 519
462 518
448 461
449 460
450 459
451 458
456 457
452 455
510 517
463 509
464 508
467 507
465 466
491 506
468 490
469 489
470 488
471 487
472 486
473 484
474 483
475 482
476 481
479 480
477 478
498 505
495 497
492 494
499 504
502 503
500 501
511 516
512 515
513 514
522 531
529 530
523 528
524 527
525 526
559 560
556 558
571 584
572 583
578 582
573 577
574 576
579 580
592 599
595 598
593 594
596 597
605 607
603 604
624 625
622 623
637 695
652 694
641 651
639 640
642 650
643 648
644 647
645 646
660 693
654 658
655 657
672 692
670 671
661 669
662 668
663 667
664 665
673 691
676 690
674 675
677 688
682 687
678 681
685 686
683 684
704 5396
707 5394
705 706
714 5393
711 713
708 710
715 5392
717 5391
736 5390
734 735
718 733
721 732
719 720
722 731
723 730
724 729
727 728
725 726
737 5389
738 5388
739 5387
4683 5386
745 4682
740 744
741 742
4474 4681
746 4473
747 4471
750 4470
748 749
751 4469
4467 4468
752 4466
754 4465
755 4464
756 4463
4415 4462
757 4414
758 4413
759 4411
760 4410
761 4409
763 4408
770 4407
768 769
764 767
4369 4406
773 4368
771 772
774 4367
775 4366
776 4365
777 4364
778 4363
779 4362
4360 4361
4358 4359
781 4357
788 4356
782 787
783 786
784 785
789 4355
790 4354
796 4353
791 795
792 793
811 4352
797 810
798 809
799 808
802 807
800 801
803 806
804 805
860 4351
812 859
815 858
813 814
817 857
831 855
824 830
818 823
821 822
819 820
827 828
825 826
832 854
833 853
842 850
840 841
834 839
837 838
835 836
847 848
843 846
844 845
861 4350
864 4349
862 863
865 4348
868 4347
866 867
869 4346
4344 4345
878 4343
870 877
871 876
874 875
872 873
879 4342
4306 4341
882 4305
880 881
883 4304
884 4303
885 4302
4298 4301
886 4297
887 4296
894 4295
888 893
889 891
895 4294
896 4293
897 4292
900 4291
898 899
901 4290
933 4289
902 932
903 931
906 930
907 929
908 928
919 927
915 918
909 914
912 913
910 911
916 917
920 926
923 924
4285 4288
1027 4284
958 1026
934 957
955 956
935 954
938 953
936 937
939 952
940 951
941 950
943 946
944 945
1022 1025
961 1021
959 960
965 1020
962 964
1018 1019
966 1017
967 1016
968 1015
1009 1014
969 1008
970 1007
973 1006
971 972
974 1005
986 1004
984 985
975 983
976 982
977 981
978 980
994 1003
987 992
990 991
988 989
995 1001
999 1000
996 998
1010 1013
1011 1012
1023 1024
1028 4283
4281 4282
1029 4279
1030 4278
1031 4276
1032 4275
1033 4274
1036 4273
1034 1035
1039 4272
1037 1038
1040 4271
4266 4270
4260 4265
1041 4258
1054 4257
1042 1053
1051 1052
1043 1050
1044 1049
1045 1048
1046 1047
4253 4256
1055 4252
1056 4251
1057 4250
4235 4249
1058 4234
1059 4233
4231 4232
1062 4230
1060 1061
4225 4228
1063 4224
4221 4223
1065 4220
4216 4219
1066 4215
1067 4214
1068 4213
1071 4212
1069 1070
4208 4211
1072 4207
4204 4205
1073 4203
1074 4202
1075 4201
1076 4200
1077 4199
1078 4198
4195 4196
1094 4194
1079 1093
1086 1091
1080 1085
1081 1084
1082 1083
1089 1090
1087 1088
1095 4193
1096 4192
1097 4191
1098 4190
1101 4189
1099 1100
1113 4187
1102 1112
1103 1111
1104 1109
1105 1108
1106 1107
1116 4186
1114 1115
1120 4185
1117 1119
1138 4184
1121 1137
1133 1136
1122 1132
1125 1131
1123 1124
1128 1130
1126 1127
1169 4183
1164 1168
1145 1163
1139 1144
1140 1143
1141 1142
1146 1162
1153 1160
1147 1152
1148 1151
1149 1150
1156 1159
1154 1155
1157 1158
1166 1167
1170 4182
1181 4181
1173 1180
1171 1172
1174 1179
1175 1178
1176 1177
4125 4180
1183 4124
4122 4123
1184 4121
1185 4120
4107 4119
1258 4106
1186 1257
1187 1256
1253 1254
1188 1250
1189 1249
1190 1248
1193 1247
1191 1192
1194 1245
1195 1244
1233 1243
1196 1232
1228 1231
1197 1227
1212 1226
1198 1211
1199 1210
1200 1209
1202 1203
1224 1225
1213 1223
1218 1222
1214 1217
1219 1221
1229 1230
1238 1241
1236 1237
1239 1240
1259 4105
1268 4103
1262 1265
1260 1261
1263 1264
1269 4102
1292 4101
1270 1291
1271 1290
1281 1289
1279 1280
1272 1278
1273 1276
1274 1275
1284 1288
1282 1283
1285 1287
1293 4100
1294 4099
1306 4098
1295 1305
1300 1303
1296 1299
1297 1298
1301 1302
1309 4097
1307 1308
1310 4096
4092 4095
1313 4091
1311 1312
1321 4090
1315 1318
1316 1317
1322 4089
1323 4088
4085 4087
1324 4084
1325 4083
1326 4082
1327 4081
3980 4079
1328 3979
3974 3978
1331 3973
1329 1330
1332 3972
1339 3971
1335 1338
1333 1334
1336 1337
1340 3970
1460 3969
1458 1459
1341 1457
1445 1456
1344 1444
1342 1343
1345 1443
1353 1442
1346 1352
1347 1351
1349 1350
1360 1441
1358 1359
1354 1357
1355 1356
1361 1440
1362 1439
1436 1438
1363 1435
1418 1434
1364 1417
1369 1416
1367 1368
1365 1366
1370 1415
1377 1414
1371 1376
1374 1375
1372 1373
1391 1413
1378 1389
1387 1388
1379 1386
1382 1385
1380 1381
1383 1384
1392 1412
1393 1411
1409 1410
1394 1407
1395 1406
1396 1405
1397 1404
1400 1402
1398 1399
1420 1433
1421 1432
1430 1431
1422 1429
1423 1428
1424 1426
1452 1455
1446 1451
1449 1450
1447 1448
1453 1454
3965 3968
1461 3964
3959 3963
1462 3958
1463 3957
1467 3956
1464 1466
1468 3955
1469 3954
3952 3953
1470 3951
1473 3950
1474 3949
1475 3948
1508 3947
1476 1507
1479 1505
1477 1478
1499 1504
1486 1498
1480 1485
1481 1484
1487 1497
1488 1496
1489 1495
1491 1494
1492 1493
1500 1503
1501 1502
3945 3946
1509 3944
1528 3943
1522 1527
1510 1521
1519 1520
1517 1518
1511 1516
1512 1515
1513 1514
1523 1526
1524 1525
1529 3942
1530 3940
1531 3939
3918 3938
1539 3917
1536 1538
1532 1535
1533 1534
1544 3916
1563 3915
1556 1562
1545 1555
1546 1554
1552 1553
1548 1551
1549 1550
1557 1560
1558 1559
1564 3914
1565 3913
1566 3912
1608 3911
1567 1607
1568 1606
1604 1605
1572 1603
1569 1571
1573 1600
1576 1599
1574 1575
1591 1598
1580 1589
1587 1588
1581 1586
1582 1585
1583 1584
1592 1597
1593 1596
1594 1595
1609 3910
3908 3909
1610 3907
1611 3906
3846 3905
1612 3845
1615 3844
1613 1614
1621 3843
1616 1620
1618 1619
1624 3842
1622 1623
1625 3841
1633 3840
1626 1631
1629 1630
1627 1628
1656 3838
1649 1654
1634 1648
1635 1647
1645 1646
1636 1644
1637 1643
1638 1642
1639 1641
1650 1653
1651 1652
1657 3837
1671 3836
1660 1670
1658 1659
1664 1669
1661 1663
1667 1668
1665 1666
1672 3835
1677 3834
1673 1676
1674 1675
1678 3832
1681 3831
1679 1680
1682 3830
1683 3829
1686 3828
1684 1685
1687 3827
1690 3826
1688 1689
3750 3824
1692 3749
1693 3748
1700 3747
1698 1699
1696 1697
1694 1695
1701 3746
1702 3744
1704 3743
1705 3742
3737 3741
1712 3736
1706 1711
1709 1710
1707 1708
1719 3735
1717 1718
1713 1716
1714 1715
1720 3734
1807 3733
1725 1806
1721 1724
1722 1723
1726 1805
1729 1804
1727 1728
1742 1803
1730 1741
1733 1740
1731 1732
1734 1739
1735 1738
1736 1737
1743 1802
1750 1801
1746 1749
1744 1745
1756 1800
1751 1755
1752 1753
1791 1799
1757 1790
1787 1789
1758 1786
1759 1785
1777 1784
1767 1776
1760 1766
1761 1765
1762 1764
1768 1775
1769 1773
1770 1772
1778 1783
1779 1782
1780 1781
1792 1797
1795 1796
1793 1794
1808 3732
1809 3731
2032 3730
1810 2031
1907 2030
1811 1906
1812 1905
1818 1904
1813 1817
1814 1816
1828 1903
1826 1827
1819 1825
1823 1824
1820 1822
1832 1902
1829 1830
1833 1901
1834 1900
1839 1899
1837 1838
1835 1836
1894 1898
1840 1893
1841 1892
1842 1891
1843 1889
1887 1888
1844 1886
1846 1885
1847 1884
1848 1883
1880 1881
1849 1879
1855 1877
1850 1854
1851 1853
1856 1876
1862 1875
1857 1860
1858 1859
1869 1874
1867 1868
1863 1866
1864 1865
1872 1873
1895 1897
2028 2029
1908 2027
1911 2026
1909 1910
1912 2025
1913 2024
1914 2023
1915 2022
1917 2021
1918 2020
2011 2019
1919 2010
1920 2009
1926 2008
1921 1925
1922 1923
1928 2007
1931 2005
1932 2004
1933 2003
2001 2002
1934 2000
1992 1999
1935 1991
1938 1988
1936 1937
1970 1986
1947 1969
1939 1946
1940 1945
1943 1944
1941 1942
1950 1968
1948 1949
1951 1967
1963 1966
1961 1962
1952 1960
1953 1959
1954 1958
1955 1957
1964 1965
1983 1985
1971 1982
1980 1981
1972 1979
1975 1978
1973 1974
1976 1977
1993 1998
1994 1997
1995 1996
2016 2018
2014 2015
2012 2013
2033 3729
2034 3727
2035 3726
2036 3725
2041 3724
2037 2040
2038 2039
2042 3723
2043 3722
2056 3721
2044 2055
2049 2054
2047 2048
2045 2046
2050 2053
2051 2052
2057 3720
3718 3719
3716 3717
2059 3715
2060 3713
2061 3712
2090 3711
2064 2089
2062 2063
2087 2088
2071 2086
2065 2070
2066 2069
2067 2068
2072 2085
2073 2084
2078 2083
2074 2077
2075 2076
2081 2082
2079 2080
2091 3710
2115 3709
2095 2114
2092 2094
2096 2113
2107 2112
2097 2106
2098 2105
2099 2104
2100 2102
2108 2111
2109 2110
2220 3708
2116 2219
2215 2218
2117 2214
2163 2213
2161 2162
2118 2160
2158 2159
2119 2157
2120 2156
2122 2155
2127 2154
2123 2126
2124 2125
2128 2153
2130 2152
2131 2151
2132 2150
2134 2149
2138 2148
2135 2137
2139 2147
2140 2146
2141 2145
2166 2212
2164 2165
2167 2211
2168 2210
2169 2209
2202 2208
2170 2201
2185 2199
2171 2184
2180 2183
2174 2179
2172 2173
2175 2178
2181 2182
2197 2198
2186 2196
2194 2195
2190 2193
2187 2189
2191 2192
2203 2207
2205 2206
2216 2217
2221 3707
2222 3706
2223 3705
2231 3704
2224 2230
2225 2229
2226 2228
2232 3703
2235 3702
2233 2234
2240 3701
2238 2239
2236 2237
2245 3700
2241 2244
2242 2243
2294 3699
2246 2293
2247 2292
2248 2290
2251 2289
2249 2250
2252 2288
2256 2287
2253 2255
2284 2286
2259 2283
2257 2258
2260 2282
2261 2281
2274 2279
2264 2273
2262 2263
2270 2272
2266 2267
2275 2278
2276 2277
2295 3698
2298 3697
2296 2297
2308 3696
2299 2307
2300 2306
2301 2305
2302 2304
2309 3695
2310 3692
2311 3689
3681 3688
2312 3680
2313 3679
2318 3677
2314 2317
2315 2316
2319 3676
3672 3673
2320 3671
2327 3670
2321 2326
2322 2324
2331 3669
2328 2330
3667 3668
2332 3666
2333 3665
2338 3664
2334 2337
2335 2336
2339 3663
2358 3662
2356 2357
2340 2355
2341 2353
2349 2352
2343 2348
2346 2347
2344 2345
2350 2351
2374 3661
2359 2373
2360 2372
2361 2371
2362 2370
2368 2369
2363 2367
2364 2366
2375 3660
3657 3659
3645 3656
2376 3644
2379 3643
2377 2378
2380 3641
3639 3640
2418 3638
2381 2417
2382 2416
2385 2415
2383 2384
2394 2414
2386 2393
2391 2392
2387 2390
2409 2412
2397 2408
2395 2396
2400 2407
2398 2399
2403 2406
2401 2402
2404 2405
2410 2411
2675 3637
2419 2674
2420 2672
2421 2671
2422 2670
2423 2669
2424 2668
2425 2667
2426 2666
2432 2665
2427 2431
2428 2429
2433 2664
2434 2663
2661 2662
2435 2660
2658 2659
2437 2657
2438 2656
2532 2655
2439 2531
2440 2530
2489 2529
2441 2488
2442 2487
2443 2486
2483 2485
2444 2482
2480 2481
2447 2477
2445 2446
2448 2476
2451 2475
2449 2450
2458 2474
2452 2457
2453 2456
2454 2455
2459 2473
2471 2472
2464 2470
2460 2463
2461 2462
2465 2468
2466 2467
2527 2528
2511 2526
2490 2510
2491 2509
2492 2508
2493 2507
2498 2506
2494 2497
2495 2496
2500 2501
2512 2525
2523 2524
2513 2522
2520 2521
2514 2519
2517 2518
2515 2516
2533 2654
2538 2653
2534 2537
2535 2536
2539 2652
2640 2651
2540 2639
2543 2637
2541 2542
2544 2636
2545 2635
2546 2634
2547 2633
2627 2632
2549 2624
2552 2623
2550 2551
2619 2622
2553 2618
2612 2617
2554 2611
2558 2610
2556 2557
2608 2609
2559 2606
2560 2605
2561 2604
2571 2603
2562 2570
2563 2569
2567 2568
2564 2566
2591 2602
2588 2590
2572 2587
2574 2586
2579 2585
2575 2578
2576 2577
2580 2584
2581 2583
2598 2601
2596 2597
2592 2595
2593 2594
2599 2600
2613 2616
2614 2615
2620 2621
2630 2631
2644 2650
2641 2643
2645 2649
2647 2648
2676 3636
2982 3635
2677 2980
2678 2979
2679 2978
2680 2977
2959 2975
2681 2958
2682 2957
2684 2956
2685 2955
2953 2954
2686 2952
2687 2951
2709 2950
2688 2708
2706 2707
2689 2705
2701 2704
2690 2700
2693 2699
2691 2692
2694 2696
2702 2703
2710 2949
2711 2948
2712 2947
2944 2945
2713 2943
2714 2942
2715 2941
2939 2940
2937 2938
2716 2936
2717 2934
2718 2933
2931 2932
2719 2930
2721 2928
2842 2927
2722 2841
2723 2840
2829 2838
2827 2828
2724 2826
2824 2825
2725 2823
2726 2822
2820 2821
2735 2819
2727 2734
2728 2733
2729 2730
2736 2818
2811 2817
2737 2810
2742 2809
2738 2741
2739 2740
2743 2808
2744 2807
2745 2806
2746 2805
2748 2804
2749 2803
2752 2802
2750 2751
2753 2801
2754 2800
2755 2799
2756 2797
2757 2796
2793 2794
2758 2791
2759 2790
2776 2789
2760 2775
2761 2770
2763 2769
2764 2766
2779 2788
2777 2778
2782 2787
2783 2786
2784 2785
2814 2815
2812 2813
2832 2837
2830 2831
2835 2836
2833 2834
2925 2926
2843 2924
2844 2923
2861 2921
2857 2860
2847 2856
2845 2846
2848 2855
2853 2854
2849 2852
2850 2851
2858 2859
2864 2920
2862 2863
2918 2919
2865 2917
2868 2916
2866 2867
2891 2915
2869 2890
2883 2889
2870 2882
2880 2881
2871 2879
2872 2878
2874 2875
2884 2888
2885 2887
2900 2914
2892 2899
2897 2898
2893 2896
2894 2895
2901 2913
2902 2912
2903 2911
2905 2908
2906 2907
2972 2974
2970 2971
2962 2969
2960 2961
2963 2968
2966 2967
3631 3634
2983 3630
3628 3629
2984 3627
2985 3626
2986 3625
2993 3624
2987 2992
2988 2991
3162 3623
2994 3161
2997 3160
2995 2996
2998 3159
3157 3158
2999 3156
3000 3155
3001 3154
3013 3153
3002 3012
3007 3011
3003 3006
3004 3005
3008 3010
3149 3152
3131 3148
3014 3130
3015 3129
3016 3128
3125 3127
3017 3124
3021 3122
3018 3020
3024 3121
3022 3023
3117 3120
3033 3116
3025 3032
3026 3031
3027 3030
3028 3029
3034 3115
3086 3114
3079 3085
3035 3078
3036 3077
3037 3076
3064 3073
3062 3063
3038 3060
3039 3059
3057 3058
3042 3056
3040 3041
3045 3054
3049 3053
3046 3048
3050 3051
3069 3072
3067 3068
3065 3066
3080 3084
3081 3082
3111 3112
3087 3109
3088 3108
3089 3107
3090 3105
3091 3103
3092 3101
3094 3100
3097 3099
3095 3096
3118 3119
3143 3146
3132 3141
3133 3140
3135 3139
3136 3138
3144 3145
3150 3151
3179 3622
3163 3177
3175 3176
3164 3174
3165 3173
3167 3172
3168 3169
3185 3621
3180 3184
3181 3183
3614 3619
3186 3613
3609 3612
3187 3608
3190 3607
3188 3189
3196 3606
3191 3195
3192 3193
3197 3605
3588 3604
3198 3587
3585 3586
3199 3584
3200 3583
3201 3582
3204 3581
3202 3203
3575 3580
3223 3574
3205 3222
3206 3221
3207 3220
3208 3219
3217 3218
3215 3216
3209 3214
3210 3212
3224 3573
3250 3572
3245 3249
3225 3244
3226 3243
3227 3241
3228 3240
3229 3239
3230 3238
3233 3237
3231 3232
3234 3235
3246 3248
3251 3571
3252 3570
3278 3568
3255 3277
3253 3254
3274 3276
3256 3273
3257 3272
3258 3271
3259 3270
3260 3269
3263 3268
3261 3262
3266 3267
3279 3567
3284 3566
3280 3283
3281 3282
3311 3565
3285 3310
3288 3309
3307 3308
3289 3306
3290 3305
3295 3304
3293 3294
3291 3292
3296 3303
3301 3302
3297 3300
3298 3299
3312 3564
3347 3563
3313 3346
3314 3345
3315 3344
3318 3343
3316 3317
3326 3342
3319 3325
3322 3324
3327 3341
3339 3340
3328 3338
3329 3337
3330 3335
3331 3334
3332 3333
3348 3562
3351 3559
3349 3350
3352 3558
3353 3557
3354 3556
3390 3555
3355 3389
3356 3388
3357 3387
3374 3386
3358 3373
3359 3372
3360 3368
3361 3367
3362 3366
3363 3364
3375 3385
3376 3380
3377 3379
3391 3554
3550 3553
3400 3548
3392 3399
3395 3398
3393 3394
3396 3397
3546 3547
3524 3545
3401 3523
3402 3522
3403 3521
3435 3520
3431 3434
3404 3430
3405 3429
3406 3428
3408 3427
3409 3426
3421 3424
3418 3420
3410 3417
3415 3416
3411 3414
3412 3413
3422 3423
3432 3433
3512 3519
3436 3511
3437 3510
3438 3509
3439 3508
3475 3507
3442 3474
3440 3441
3444 3473
3445 3472
3446 3470
3447 3469
3448 3468
3449 3466
3454 3465
3450 3453
3451 3452
3462 3464
3460 3461
3455 3459
3456 3457
3494 3506
3481 3493
3476 3480
3477 3479
3482 3492
3483 3491
3487 3490
3484 3486
3488 3489
3495 3505
3501 3504
3496 3500
3498 3499
3502 3503
3513 3518
3514 3517
3515 3516
3525 3544
3538 3543
3526 3537
3527 3536
3528 3535
3529 3534
3530 3533
3531 3532
3539 3542
3540 3541
3551 3552
3576 3579
3577 3578
3589 3603
3598 3602
3596 3597
3590 3595
3591 3593
3599 3601
3610 3611
3615 3618
3616 3617
3632 3633
3652 3655
3646 3651
3647 3650
3653 3654
3682 3687
3683 3686
3684 3685
3738 3740
3751 3823
3758 3822
3752 3757
3753 3756
3754 3755
3818 3821
3759 3817
3763 3816
3760 3761
3764 3815
3765 3814
3812 3813
3766 3811
3767 3810
3768 3809
3799 3808
3769 3796
3779 3795
3770 3778
3773 3777
3771 3772
3774 3775
3780 3794
3790 3793
3781 3789
3787 3788
3782 3786
3783 3785
3791 3792
3800 3807
3801 3806
3804 3805
3802 3803
3819 3820
3847 3903
3854 3902
3852 3853
3848 3851
3849 3850
3859 3901
3855 3858
3856 3857
3868 3900
3860 3867
3861 3866
3862 3865
3863 3864
3869 3899
3870 3898
3871 3897
3872 3896
3876 3895
3873 3875
3893 3894
3891 3892
3877 3890
3888 3889
3878 3887
3879 3886
3882 3885
3880 3881
3883 3884
3919 3937
3935 3936
3920 3934
3921 3933
3922 3932
3923 3931
3924 3930
3927 3928
3925 3926
3960 3962
3966 3967
3976 3977
3981 4078
3982 4077
3983 4076
3984 4075
4073 4074
4071 4072
3985 4070
3986 4069
3987 4068
3988 4066
3993 4064
3989 3992
3990 3991
4003 4062
3994 4002
3998 4001
3995 3997
3999 4000
4060 4061
4009 4059
4004 4008
4005 4007
4010 4058
4011 4057
4012 4053
4049 4052
4013 4048
4045 4047
4014 4044
4015 4043
4022 4042
4016 4021
4017 4020
4023 4040
4024 4039
4025 4038
4026 4037
4027 4036
4028 4035
4029 4034
4030 4033
4031 4032
4050 4051
4093 4094
4116 4118
4108 4115
4111 4114
4109 4110
4126 4179
4147 4178
4143 4146
4129 4142
4127 4128
4130 4141
4132 4140
4133 4139
4134 4138
4135 4137
4144 4145
4148 4177
4175 4176
4173 4174
4149 4172
4150 4171
4151 4170
4167 4168
4152 4166
4153 4165
4154 4162
4157 4161
4155 4156
4158 4160
4209 4210
4217 4218
4226 4227
4237 4248
4238 4247
4241 4246
4239 4240
4242 4245
4243 4244
4254 4255
4261 4264
4262 4263
4267 4268
4286 4287
4299 4300
4307 4339
4335 4338
4312 4334
4310 4311
4308 4309
4317 4333
4315 4316
4313 4314
4318 4332
4319 4331
4324 4327
4320 4323
4321 4322
4325 4326
4336 4337
4371 4405
4372 4403
4398 4402
4373 4397
4374 4396
4390 4395
4388 4389
4375 4387
4376 4385
4377 4383
4378 4382
4380 4381
4391 4394
4392 4393
4399 4400
4418 4460
4416 4417
4419 4459
4425 4458
4420 4424
4421 4422
4450 4457
4426 4449
4427 4448
4428 4446
4429 4445
4439 4444
4430 4438
4431 4437
4432 4435
4433 4434
4440 4443
4441 4442
4451 4456
4453 4454
4475 4680
4476 4679
4480 4678
4478 4479
4634 4675
4481 4633
4483 4632
4484 4630
4627 4628
4485 4626
4486 4625
4487 4624
4492 4623
4490 4491
4488 4489
4493 4622
4507 4621
4494 4506
4495 4505
4497 4503
4498 4502
4499 4501
4617 4620
4531 4616
4508 4530
4509 4529
4527 4528
4510 4526
4524 4525
4511 4523
4513 4522
4514 4521
4515 4520
4517 4519
4532 4615
4534 4613
4535 4612
4536 4611
4539 4610
4537 4538
4540 4609
4541 4608
4573 4607
4542 4572
4544 4571
4545 4570
4548 4569
4546 4547
4549 4568
4566 4567
4564 4565
4550 4563
4551 4562
4552 4561
4553 4560
4554 4559
4555 4558
4556 4557
4576 4606
4574 4575
4577 4605
4578 4604
4579 4603
4599 4602
4585 4598
4580 4584
4581 4583
4586 4597
4587 4596
4588 4593
4589 4590
4600 4601
4618 4619
4639 4674
4635 4638
4636 4637
4640 4673
4641 4672
4642 4671
4647 4670
4645 4646
4643 4644
4648 4669
4666 4668
4649 4665
4650 4664
4651 4663
4652 4662
4653 4661
4658 4659
4654 4657
4684 5385
4691 5384
4687 4690
4688 4689
4692 5383
4737 5382
4693 4736
4694 4735
4733 4734
4695 4732
4698 4731
4696 4697
4711 4730
4699 4710
4700 4709
4702 4706
4703 4705
4712 4729
4713 4727
4722 4726
4720 4721
4716 4719
4714 4715
4717 4718
4740 5381
4738 4739
4741 5380
4744 5379
4745 5378
4746 5377
4747 5376
4748 5375
4790 5374
4749 4788
4754 4787
4750 4753
4751 4752
4755 4786
4759 4785
4757 4758
4781 4784
4772 4780
4760 4771
4769 4770
4761 4768
4762 4767
4765 4766
4763 4764
4778 4779
4773 4777
4782 4783
4791 5373
4794 5372
4792 4793
4795 5371
4796 5370
4797 5369
4798 5368
5291 5367
4799 5290
4903 5289
4896 4902
4800 4895
4893 4894
4874 4892
4801 4873
4802 4872
4807 4871
4805 4806
4808 4870
4809 4869
4812 4868
4818 4867
4816 4817
4813 4815
4819 4866
4820 4864
4825 4863
4821 4822
4826 4862
4857 4861
4828 4856
4829 4855
4844 4854
4832 4843
4830 4831
4833 4842
4840 4841
4834 4839
4835 4838
4845 4853
4846 4852
4848 4849
4890 4891
4875 4889
4876 4888
4879 4887
4877 4878
4880 4886
4881 4885
4897 4901
4899 4900
5265 5288
4910 5264
4904 4909
4905 4908
4906 4907
4911 5263
5261 5262
4912 5260
5258 5259
4913 5257
4914 5256
5247 5255
5245 5246
5243 5244
4915 5242
5240 5241
4916 5239
5237 5238
4917 5236
4923 5235
4918 4922
4919 4920
5227 5234
4924 5226
4930 5225
4928 4929
4925 4927
4931 5224
4932 5223
4939 5222
4934 4938
4936 4937
4940 5221
4963 5220
4955 4962
4941 4954
4942 4953
4943 4952
4944 4951
4949 4950
4945 4948
4946 4947
4956 4961
4957 4960
4958 4959
4964 5219
4965 5218
4987 5217
4966 4986
4967 4985
4968 4984
4980 4983
4974 4978
4970 4973
4971 4972
4975 4977
4981 4982
4996 5216
4994 4995
4988 4993
4991 4992
4989 4990
4997 5215
5062 5214
5000 5061
4998 4999
5048 5060
5001 5047
5002 5046
5044 5045
5003 5043
5008 5041
5004 5007
5005 5006
5011 5039
5009 5010
5036 5038
5012 5035
5013 5034
5018 5033
5014 5017
5015 5016
5019 5032
5024 5031
5022 5023
5020 5021
5025 5030
5026 5029
5027 5028
5049 5059
5057 5058
5054 5056
5050 5053
5051 5052
5063 5213
5064 5212
5065 5211
5168 5210
5166 5167
5066 5165
5067 5164
5070 5163
5068 5069
5153 5162
5071 5152
5072 5151
5135 5149
5073 5134
5074 5133
5075 5132
5082 5131
5076 5081
5079 5080
5077 5078
5083 5130
5084 5129
5126 5128
5085 5125
5086 5124
5087 5123
5088 5122
5089 5121
5090 5120
5115 5119
5091 5114
5095 5113
5092 5093
5096 5112
5109 5110
5097 5108
5098 5107
5099 5106
5102 5105
5100 5101
5103 5104
5116 5118
5147 5148
5136 5146
5140 5145
5137 5139
5141 5144
5142 5143
5154 5161
5159 5160
5157 5158
5155 5156
5206 5209
5169 5205
5203 5204
5170 5202
5171 5201
5172 5200
5195 5199
5173 5193
5174 5192
5188 5191
5175 5186
5176 5185
5181 5184
5177 5180
5178 5179
5189 5190
5196 5198
5207 5208
5228 5230
5248 5254
5249 5251
5266 5287
5268 5285
5271 5284
5269 5270
5274 5283
5272 5273
5279 5282
5275 5278
5276 5277
5280 5281
5292 5366
5307 5365
5293 5306
5300 5305
5294 5299
5297 5298
5295 5296
5301 5304
5302 5303
5309 5364
5313 5363
5310 5311
5315 5362
5316 5361
5318 5360
5319 5359
5320 5358
5321 5357
5325 5356
5322 5323
5352 5355
5326 5351
5338 5350
5327 5337
5328 5336
5329 5334
5330 5333
5331 5332
5341 5349
5339 5340
5342 5348
5345 5346
5343 5344
5353 5354
