7774 7787
220 7773
218 219
0 217
1 216
2 215
3 213
4 211
5 209
6 208
206 207
204 205
7 203
8 202
200 201
9 199
197 198
10 196
11 195
12 194
13 193
14 192
15 191
20 190
16 19
17 18
25 189
21 24
22 23
26 188
27 187
185 186
28 184
29 183
30 182
31 181
177 180
32 176
35 175
33 34
36 172
39 171
37 38
45 170
40 44
42 43
46 169
165 168
51 164
47 50
48 49
52 163
82 162
53 81
72 80
54 71
55 69
56 60
57 59
73 79
83 161
89 160
84 88
85 87
90 159
151 158
91 150
148 149
92 147
93 146
126 145
94 125
99 124
95 98
96 97
102 123
100 101
103 121
104 119
117 118
105 114
106 111
107 110
108 109
127 144
136 142
128 135
129 132
130 131
137 140
138 139
152 157
153 156
154 155
166 167
178 179
221 7772
222 7771
223 7770
224 7769
7756 7768
226 7755
228 7754
229 7752
236 7751
232 235
230 231
233 234
237 7750
240 7749
238 239
241 7748
7746 7747
7733 7745
242 7732
245 7731
243 244
7725 7730
246 7724
7714 7723
247 7713
248 7712
249 7711
250 7710
7708 7709
251 7707
252 7706
257 7705
255 256
253 254
260 7704
258 259
263 7703
261 262
268 7702
264 267
265 266
269 7701
270 7700
271 7699
272 7698
273 7697
274 7696
275 7695
276 7694
279 7693
277 278
289 7692
280 287
281 286
282 285
293 7691
290 291
294 7689
295 7688
296 7687
297 7686
346 7685
298 345
330 344
299 329
319 328
300 318
301 317
306 315
302 305
303 304
307 314
308 313
309 312
310 311
320 327
325 326
321 324
322 323
331 343
332 342
333 340
335 339
336 338
347 7684
348 7683
349 7682
350 7681
351 7680
7675 7679
355 7674
352 353
356 7672
357 7671
358 7669
359 7668
373 7666
360 372
366 371
361 365
367 370
368 369
374 7665
378 7664
375 377
379 7663
381 7662
382 7661
383 7660
384 7659
385 7658
386 7657
387 7656
388 7655
390 7654
391 7653
412 7652
392 411
409 410
393 408
394 407
399 406
395 398
396 397
400 405
401 404
413 7651
414 7650
416 7649
417 7647
513 7646
511 512
418 510
508 509
419 507
502 505
420 501
499 500
421 498
495 497
422 494
423 493
424 492
488 490
455 487
426 454
427 453
428 452
429 451
449 450
445 448
430 444
431 443
432 442
433 441
434 440
437 439
435 436
446 447
458 486
459 485
460 484
461 483
463 482
475 481
464 473
465 472
466 471
469 470
467 468
476 479
503 504
516 7645
514 515
519 7643
517 518
522 7642
520 521
639 7641
523 637
599 636
597 598
524 596
525 595
568 594
526 566
543 565
527 542
540 541
538 539
528 537
529 536
530 535
531 534
544 564
545 563
561 562
548 560
546 547
557 558
549 556
550 555
553 554
551 552
569 593
586 592
570 585
573 584
571 572
579 583
576 577
574 575
589 591
587 588
600 635
614 634
601 613
602 612
603 611
604 610
605 609
606 608
615 633
623 632
616 622
617 620
618 619
630 631
624 629
627 628
625 626
640 7640
646 7639
641 645
642 643
7637 7638
653 7636
647 652
650 651
648 649
655 7635
657 7634
658 7633
718 7632
716 717
659 715
713 714
679 712
660 678
676 677
661 675
662 674
663 673
669 672
667 668
664 666
670 671
680 711
691 710
681 690
682 689
683 688
684 687
685 686
694 708
692 693
695 707
703 706
696 702
697 701
698 700
704 705
719 7631
720 7630
721 7629
724 7628
722 723
738 7627
725 737
735 736
726 734
728 733
729 732
730 731
739 7626
744 7623
740 743
741 742
749 7622
745 746
750 7621
751 7620
756 7619
752 755
753 754
757 7618
758 7617
7606 7616
759 7605
760 7604
761 7603
7593 7601
762 7592
763 7591
7589 7590
770 7588
764 769
767 768
765 766
771 7587
7585 7586
772 7584
7568 7583
773 7567
774 7561
775 7560
781 7559
776 779
777 778
782 7558
783 7557
7555 7556
784 7554
785 7553
7551 7552
788 7550
786 787
789 7549
790 7548
793 7547
791 792
802 7546
794 801
796 800
797 799
887 7545
803 886
815 885
804 814
807 813
805 806
810 811
808 809
816 884
875 883
817 874
818 873
832 872
819 831
829 830
820 828
825 826
821 824
833 871
834 870
835 869
839 868
842 866
849 865
843 848
844 847
845 846
855 864
853 854
850 852
860 863
858 859
856 857
861 862
881 882
876 880
877 879
7527 7544
888 7526
889 7524
890 7523
897 7522
893 896
891 892
894 895
898 7521
7503 7520
899 7502
7500 7501
900 7499
901 7498
902 7497
914 7496
903 913
904 912
905 911
908 910
906 907
915 7495
7491 7494
6398 7490
916 6397
917 6396
918 6395
919 6394
6381 6393
925 6380
920 924
928 6379
926 927
929 6378
930 6377
932 6376
933 6375
6373 6374
934 6372
935 6371
945 6370
936 944
937 943
938 942
940 941
946 6369
947 6368
958 6367
950 957
948 949
953 954
951 952
964 6366
959 963
960 962
6364 6365
966 6363
967 6360
984 6359
968 983
978 982
969 977
975 976
970 974
971 973
979 981
6343 6357
985 6342
986 6341
987 6340
995 6339
990 994
988 989
991 992
6337 6338
996 6336
1050 6335
997 1049
1045 1048
998 1044
1042 1043
999 1041
1008 1040
1000 1007
1001 1006
1002 1005
1038 1039
1024 1037
1009 1023
1010 1022
1020 1021
1011 1019
1012 1018
1015 1017
1013 1014
1025 1036
1026 1035
1028 1034
1029 1033
1030 1032
1046 1047
1058 6334
1054 1057
1051 1052
1055 1056
1081 6333
1059 1080
1071 1079
1060 1070
1061 1069
1062 1067
1063 1066
1072 1078
1075 1077
1073 1074
1086 6332
1082 1085
1083 1084
1087 6331
1088 6330
1111 6329
1089 1110
1104 1109
1090 1103
1100 1101
1098 1099
1091 1097
1092 1094
1107 1108
1105 1106
1112 6328
1113 6327
1114 6326
1115 6325
1116 6324
1119 6323
1117 1118
1122 6322
1120 1121
1125 6321
1123 1124
1127 6320
1130 6319
1133 6316
1131 1132
6292 6313
1134 6291
1161 6290
1140 1160
1136 1139
1137 1138
1141 1159
1157 1158
1148 1156
1142 1147
1145 1146
1143 1144
1154 1155
1149 1153
1150 1152
1162 6289
1173 6288
1163 1172
1164 1171
1169 1170
1165 1168
1166 1167
1174 6287
1175 6286
1176 6285
1177 6283
6277 6282
1179 6276
1180 6275
6269 6274
1181 6268
1182 6267
1183 6266
1187 6265
1184 1186
5643 6264
1192 5642
1188 1191
1189 1190
5640 5641
1193 5639
1194 5638
1195 5637
1212 5635
1209 1211
1196 1208
1197 1207
1198 1205
1199 1204
1200 1202
1213 5634
5632 5633
1220 5631
1214 1219
1217 1218
1215 1216
5629 5630
1221 5628
1244 5627
1222 1243
1223 1242
1240 1241
1224 1239
1225 1238
1227 1237
1234 1236
1228 1233
1231 1232
1229 1230
1247 5626
1245 1246
5622 5625
1248 5621
1249 5620
5614 5619
1250 5613
1251 5612
1252 5611
5607 5610
1253 5606
1254 5605
1255 5604
1256 5603
1259 5602
1257 1258
1260 5601
1261 5600
1269 5599
1262 1268
1263 1267
1264 1266
1279 5598
1276 1278
1270 1275
1271 1274
1272 1273
1284 5597
1280 1283
1281 1282
1285 5595
5593 5594
5000 5592
1286 4999
1287 4998
1288 4997
1289 4996
1290 4995
4989 4994
1291 4988
1292 4987
1293 4986
4974 4985
1294 4973
4814 4971
1295 4813
1296 4812
1297 4811
1298 4810
1299 4809
1302 4808
1300 1301
1303 4807
1304 4804
1306 4803
1307 4802
1308 4801
1311 4800
1309 1310
1315 4799
1312 1314
4736 4797
1316 4735
1317 4734
1320 4733
1318 1319
1323 4732
1321 1322
1324 4731
1325 4730
1333 4729
1326 1332
1327 1330
1328 1329
4272 4728
1336 4271
1334 1335
1337 4270
4268 4269
1338 4267
1341 4266
1339 1340
1382 4265
1342 1381
1356 1380
1351 1355
1343 1350
1344 1347
1345 1346
1352 1354
1357 1379
1372 1378
1358 1371
1359 1370
1363 1369
1360 1362
1364 1367
1365 1366
1373 1376
1374 1375
1383 4264
4262 4263
4251 4261
1384 4250
1385 4249
1411 4248
1409 1410
1388 1408
1386 1387
1402 1407
1400 1401
1389 1399
1390 1398
1393 1397
1391 1392
1394 1395
1403 1405
1412 4247
1416 4246
1413 1415
1417 4245
1427 4244
1418 1426
1423 1424
1420 1421
1430 4243
1479 4242
1431 1478
1432 1477
1433 1476
1465 1475
1434 1464
1435 1463
1436 1462
1444 1461
1437 1443
1439 1442
1449 1459
1445 1448
1450 1458
1455 1457
1451 1454
1452 1453
1466 1474
1467 1473
1468 1471
1480 4241
1494 4240
1481 1493
1482 1492
1485 1491
1483 1484
1486 1487
1495 4239
1496 4238
1498 4237
1567 4236
1504 1566
1499 1503
1500 1502
1505 1565
1557 1564
1510 1556
1506 1509
1507 1508
1514 1553
1511 1513
1515 1552
1516 1551
1520 1550
1517 1519
1524 1549
1521 1523
1525 1548
1526 1547
1538 1546
1536 1537
1527 1535
1530 1534
1528 1529
1531 1533
1543 1544
1539 1542
1540 1541
1558 1563
1559 1562
1568 4235
1569 4234
1570 4233
1574 4232
1572 1573
1576 4231
1579 4230
1580 4229
1583 4228
1581 1582
1584 4227
1585 4226
1620 4225
1586 1619
1587 1618
1590 1617
1588 1589
1591 1616
1592 1615
1593 1614
1594 1613
1595 1612
1596 1611
1601 1608
1597 1600
1598 1599
1602 1607
1603 1606
1604 1605
1621 4224
1623 4223
1624 4222
4216 4221
3677 4215
1625 3676
1626 3675
1627 3674
1628 3673
1629 3672
1630 3671
3669 3670
1631 3668
3666 3667
1633 3665
1634 3664
3661 3663
1635 3660
1636 3659
3653 3658
1637 3652
1638 3651
1639 3650
1640 3649
1641 3648
3644 3647
1642 3643
1646 3642
1643 1645
3639 3641
1647 3638
1648 3637
1649 3636
1653 3635
1651 1652
1654 3634
3619 3633
1655 3618
1656 3617
1657 3616
1658 3615
1665 3614
1663 1664
1659 1662
1660 1661
1666 3613
1667 3612
1671 3611
1669 1670
3584 3610
1672 3583
1673 3582
1674 3581
1677 3580
1675 1676
1683 3579
1678 1682
1679 1680
3455 3578
1684 3454
3446 3453
1685 3445
1691 3444
1686 1690
1687 1689
1692 3443
1693 3442
1706 3441
1698 1705
1696 1697
1694 1695
1701 1704
1699 1700
1707 3440
1708 3439
1709 3438
1710 3437
1711 3436
1864 3435
1712 1863
1713 1862
1714 1861
1715 1860
1716 1859
1719 1858
1717 1718
1720 1857
1725 1856
1721 1724
1722 1723
1726 1855
1849 1854
1727 1848
1841 1847
1728 1840
1729 1839
1730 1838
1731 1837
1732 1836
1733 1834
1738 1832
1734 1737
1735 1736
1740 1831
1825 1830
1741 1824
1742 1823
1817 1822
1812 1816
1743 1811
1785 1810
1744 1784
1749 1783
1747 1748
1745 1746
1750 1782
1778 1781
1751 1777
1752 1776
1769 1775
1755 1768
1753 1754
1756 1767
1760 1766
1757 1759
1761 1765
1762 1764
1770 1773
1771 1772
1779 1780
1788 1809
1786 1787
1807 1808
1789 1806
1794 1805
1792 1793
1790 1791
1797 1804
1795 1796
1798 1803
1799 1802
1800 1801
1813 1815
1818 1821
1819 1820
1826 1829
1827 1828
1842 1846
1843 1844
1850 1853
1851 1852
1873 3434
1871 1872
1867 1870
1865 1866
1868 1869
1875 3433
3431 3432
1877 3430
1878 3429
1881 3428
1879 1880
1882 3427
1883 3426
3246 3425
1886 3245
1884 1885
1887 3244
1888 3242
3240 3241
3238 3239
1889 3237
3227 3236
3225 3226
1890 3223
1891 3222
1892 3221
1893 3220
1894 3219
1895 3218
1896 3217
1897 3216
3213 3214
1898 3212
1899 3211
3199 3210
1900 3198
1901 3197
1903 3196
1906 3195
1904 1905
1908 3193
1917 3192
1909 1914
1912 1913
1910 1911
1918 3191
1971 3190
1969 1970
1919 1968
1923 1967
1924 1964
1925 1963
1935 1962
1926 1933
1927 1932
1928 1931
1929 1930
1936 1961
1959 1960
1937 1958
1946 1956
1938 1945
1939 1944
1942 1943
1940 1941
1949 1954
1950 1953
1951 1952
1972 3189
1973 3188
1974 3187
1975 3186
1976 3185
1977 3184
1980 3183
1978 1979
1981 3182
3178 3181
1982 3177
1983 3176
1984 3175
1985 3174
1986 3172
1988 3171
1989 3170
3157 3169
1990 3156
2003 3155
1997 2002
1991 1996
1992 1995
1993 1994
1998 2001
1999 2000
3149 3154
2004 3148
2007 3147
2005 2006
2008 3146
3142 3145
2009 3141
2010 3140
3138 3139
2011 3137
2012 3136
2013 3135
3128 3133
2014 3127
2015 3126
2016 3125
2030 3122
2025 2029
2017 2024
2020 2023
2018 2019
2021 2022
2026 2027
2040 3121
2033 2038
2031 2032
2034 2037
3119 3120
3115 3118
2041 3113
2042 3112
2043 3111
2044 3110
2045 3109
2046 3108
2047 3107
3105 3106
3103 3104
2048 3102
2049 3101
2056 3100
2050 2055
2051 2054
2052 2053
2057 3099
2059 3098
2060 3097
2064 3096
2061 2063
2174 3095
2169 2173
2065 2168
2066 2167
2067 2166
2159 2165
2157 2158
2068 2156
2070 2155
2099 2154
2071 2098
2072 2097
2073 2096
2084 2095
2081 2083
2076 2080
2074 2075
2077 2078
2093 2094
2085 2092
2086 2091
2089 2090
2087 2088
2102 2153
2100 2101
2149 2152
2103 2148
2112 2147
2104 2111
2109 2110
2105 2108
2106 2107
2115 2146
2113 2114
2139 2145
2116 2138
2121 2137
2117 2120
2118 2119
2131 2136
2122 2130
2127 2128
2123 2126
2124 2125
2132 2135
2133 2134
2140 2144
2141 2142
2150 2151
2160 2163
2161 2162
2170 2171
3087 3094
2175 3086
2176 3085
2182 3084
2179 2180
2177 2178
3082 3083
3068 3081
2183 3067
2184 3066
3061 3065
2185 3060
2186 3059
3057 3058
2187 3056
2188 3055
3053 3054
2189 3050
2190 3049
2253 3048
2191 2252
2192 2251
2193 2250
2212 2249
2194 2211
2209 2210
2195 2208
2197 2207
2205 2206
2198 2204
2199 2203
2201 2202
2215 2248
2213 2214
2216 2246
2217 2245
2218 2244
2239 2243
2219 2238
2220 2237
2221 2236
2222 2235
2231 2234
2223 2230
2224 2229
2225 2228
2226 2227
2232 2233
2240 2241
2254 3047
2255 3046
3044 3045
2257 3043
3040 3041
2263 3039
2258 2262
2259 2260
2264 3038
3034 3037
2265 3033
2992 3032
2266 2991
2267 2990
2268 2988
2270 2987
2272 2986
2273 2985
2274 2984
2853 2983
2275 2852
2276 2851
2279 2850
2277 2278
2280 2848
2325 2847
2281 2324
2283 2323
2284 2322
2285 2321
2319 2320
2286 2318
2305 2317
2291 2304
2287 2290
2288 2289
2292 2303
2293 2302
2294 2301
2299 2300
2295 2298
2296 2297
2306 2316
2311 2315
2307 2310
2308 2309
2312 2313
2326 2846
2332 2845
2327 2331
2328 2330
2333 2844
2334 2843
2335 2842
2529 2841
2336 2528
2377 2527
2337 2376
2338 2375
2339 2374
2372 2373
2340 2371
2345 2370
2341 2344
2346 2369
2347 2368
2348 2366
2351 2365
2349 2350
2352 2364
2353 2363
2354 2362
2355 2361
2356 2360
2357 2359
2421 2526
2382 2420
2380 2381
2378 2379
2414 2419
2383 2412
2384 2411
2396 2410
2394 2395
2385 2393
2386 2392
2387 2391
2388 2389
2403 2409
2397 2402
2398 2401
2399 2400
2404 2407
2405 2406
2415 2418
2422 2525
2423 2524
2518 2523
2426 2517
2424 2425
2427 2516
2428 2515
2429 2514
2509 2512
2432 2508
2430 2431
2433 2507
2442 2506
2434 2440
2435 2439
2436 2437
2443 2505
2452 2504
2444 2451
2445 2450
2448 2449
2446 2447
2498 2503
2455 2497
2453 2454
2495 2496
2456 2494
2457 2493
2490 2492
2481 2489
2462 2480
2458 2461
2459 2460
2463 2479
2466 2478
2464 2465
2467 2477
2474 2475
2468 2473
2469 2472
2470 2471
2482 2488
2486 2487
2483 2485
2501 2502
2499 2500
2510 2511
2519 2522
2520 2521
2533 2840
2530 2532
2534 2838
2580 2837
2537 2579
2535 2536
2542 2578
2538 2541
2539 2540
2545 2577
2543 2544
2546 2576
2547 2575
2573 2574
2571 2572
2569 2570
2548 2568
2553 2567
2549 2552
2550 2551
2563 2564
2561 2562
2554 2560
2556 2559
2557 2558
2829 2836
2581 2828
2582 2827
2583 2826
2584 2825
2585 2824
2821 2823
2586 2820
2591 2819
2587 2590
2588 2589
2592 2818
2593 2817
2594 2816
2595 2815
2596 2814
2597 2813
2598 2812
2599 2811
2600 2809
2601 2808
2606 2807
2602 2605
2603 2604
2607 2804
2610 2803
2608 2609
2618 2800
2615 2617
2611 2614
2612 2613
2798 2799
2623 2797
2619 2622
2620 2621
2795 2796
2624 2794
2625 2791
2631 2790
2627 2630
2628 2629
2632 2788
2633 2787
2634 2786
2635 2785
2636 2784
2637 2782
2641 2781
2638 2640
2779 2780
2642 2778
2643 2776
2644 2775
2645 2774
2646 2773
2769 2772
2647 2767
2709 2766
2648 2708
2651 2707
2649 2650
2699 2706
2652 2698
2654 2696
2694 2695
2655 2693
2690 2692
2688 2689
2656 2687
2657 2686
2682 2685
2658 2681
2679 2680
2659 2678
2661 2677
2664 2676
2662 2663
2665 2674
2670 2673
2666 2669
2667 2668
2671 2672
2683 2684
2700 2705
2701 2704
2702 2703
2710 2765
2711 2764
2746 2763
2712 2745
2713 2744
2722 2743
2714 2721
2715 2720
2718 2719
2716 2717
2741 2742
2734 2739
2723 2733
2724 2732
2729 2731
2725 2728
2726 2727
2735 2738
2736 2737
2761 2762
2747 2760
2748 2759
2749 2758
2750 2757
2751 2756
2754 2755
2752 2753
2770 2771
2834 2835
2830 2833
2831 2832
2854 2982
2857 2980
2855 2856
2858 2979
2861 2977
2859 2860
2864 2976
2862 2863
2869 2975
2867 2868
2865 2866
2870 2974
2916 2973
2871 2915
2872 2914
2892 2906
2873 2891
2876 2890
2874 2875
2885 2888
2877 2884
2878 2883
2879 2882
2880 2881
2886 2887
2902 2905
2893 2901
2894 2900
2895 2899
2896 2897
2903 2904
2961 2971
2919 2960
2917 2918
2954 2959
2920 2953
2921 2952
2926 2951
2922 2925
2923 2924
2929 2950
2927 2928
2930 2949
2931 2948
2932 2947
2933 2946
2934 2945
2935 2944
2936 2943
2937 2942
2938 2941
2939 2940
2955 2958
2956 2957
2962 2970
2963 2969
2966 2967
2964 2965
2993 3031
2994 3030
2995 3029
2996 3028
3026 3027
2997 3025
2998 3024
2999 3023
3000 3022
3001 3021
3015 3020
3002 3014
3003 3013
3005 3012
3006 3010
3007 3008
3016 3017
3035 3036
3062 3063
3069 3080
3077 3078
3070 3076
3071 3075
3072 3074
3088 3093
3089 3092
3090 3091
3116 3117
3129 3132
3130 3131
3143 3144
3150 3153
3151 3152
3161 3168
3158 3159
3164 3167
3162 3163
3165 3166
3179 3180
3200 3209
3205 3208
3201 3204
3202 3203
3206 3207
3228 3235
3232 3234
3229 3231
3247 3422
3420 3421
3248 3419
3249 3418
3415 3416
3250 3414
3251 3413
3404 3412
3252 3403
3396 3402
3253 3395
3254 3394
3255 3393
3258 3392
3256 3257
3266 3391
3259 3264
3260 3263
3261 3262
3267 3390
3384 3389
3268 3383
3273 3382
3269 3272
3270 3271
3380 3381
3274 3379
3275 3378
3363 3377
3361 3362
3276 3360
3356 3359
3277 3354
3352 3353
3278 3351
3279 3350
3280 3349
3281 3348
3282 3347
3287 3346
3285 3286
3283 3284
3344 3345
3288 3343
3291 3342
3289 3290
3292 3341
3293 3340
3325 3339
3294 3324
3315 3323
3295 3314
3312 3313
3296 3311
3297 3310
3298 3309
3306 3308
3299 3305
3302 3304
3300 3301
3316 3322
3317 3321
3318 3320
3326 3338
3329 3337
3327 3328
3330 3335
3331 3334
3357 3358
3365 3376
3366 3375
3367 3374
3368 3373
3371 3372
3369 3370
3385 3388
3386 3387
3399 3401
3397 3398
3405 3410
3406 3409
3447 3452
3450 3451
3448 3449
3456 3577
3574 3575
3457 3573
3571 3572
3458 3570
3462 3569
3460 3461
3467 3568
3463 3466
3464 3465
3483 3567
3468 3482
3469 3481
3471 3480
3472 3479
3473 3477
3474 3475
3484 3566
3562 3565
3485 3561
3488 3560
3486 3487
3489 3559
3542 3558
3490 3541
3491 3540
3517 3539
3515 3516
3492 3514
3493 3513
3494 3512
3495 3511
3507 3510
3503 3506
3496 3502
3497 3501
3498 3500
3504 3505
3508 3509
3518 3538
3527 3537
3519 3526
3520 3525
3521 3524
3522 3523
3530 3536
3528 3529
3533 3534
3531 3532
3543 3557
3544 3556
3545 3555
3546 3554
3547 3553
3548 3552
3550 3551
3563 3564
3598 3609
3587 3597
3585 3586
3588 3596
3592 3595
3589 3591
3593 3594
3607 3608
3599 3606
3602 3605
3600 3601
3603 3604
3630 3631
3628 3629
3621 3627
3624 3626
3622 3623
3645 3646
3654 3657
3655 3656
3679 4214
3680 4213
3706 4212
3681 3705
3703 3704
3682 3702
3683 3701
3684 3700
3696 3699
3694 3695
3685 3693
3686 3692
3689 3690
3687 3688
3697 3698
4130 4211
3707 4129
4121 4128
3708 4120
3709 4119
3710 4118
3713 4116
3711 3712
3714 4115
4113 4114
4105 4112
3715 4104
3716 4103
4101 4102
3717 4100
4094 4099
3718 4093
4089 4092
4085 4088
3719 4084
3720 4083
3721 4082
4019 4081
4017 4018
3722 4016
3727 4015
3723 3726
3724 3725
3728 4014
3729 4013
3757 4012
3755 3756
3730 3754
3748 3753
3731 3747
3732 3745
3733 3744
3734 3743
3735 3741
3736 3739
3749 3752
3750 3751
3758 4011
3759 4010
4007 4008
3760 4006
3979 4005
3761 3978
3767 3977
3763 3766
3764 3765
3974 3976
3768 3973
3769 3972
3770 3971
3771 3970
3772 3969
3773 3968
3774 3967
3817 3966
3775 3816
3776 3815
3779 3814
3777 3778
3780 3813
3784 3812
3781 3783
3787 3811
3785 3786
3788 3810
3799 3809
3789 3798
3795 3797
3790 3794
3791 3792
3800 3808
3801 3807
3804 3806
3802 3803
3818 3964
3819 3963
3820 3962
3855 3961
3821 3854
3824 3853
3822 3823
3831 3852
3825 3830
3826 3829
3827 3828
3850 3851
3832 3849
3834 3848
3843 3847
3835 3842
3838 3841
3844 3845
3856 3960
3857 3959
3879 3958
3877 3878
3858 3876
3859 3875
3873 3874
3860 3872
3861 3871
3862 3870
3868 3869
3863 3867
3864 3866
3880 3957
3881 3956
3954 3955
3882 3953
3951 3952
3883 3950
3884 3949
3885 3948
3886 3947
3939 3946
3887 3937
3935 3936
3888 3934
3894 3933
3889 3893
3890 3892
3895 3932
3896 3931
3897 3930
3898 3928
3899 3927
3907 3926
3900 3906
3901 3905
3902 3903
3908 3925
3909 3924
3910 3923
3921 3922
3911 3920
3912 3919
3913 3918
3916 3917
3914 3915
3940 3945
3941 3944
3942 3943
3982 4004
3980 3981
3983 4003
3986 4002
3984 3985
3987 4001
3997 4000
3988 3996
3990 3995
3991 3994
3992 3993
3998 3999
4022 4080
4020 4021
4023 4079
4076 4077
4024 4075
4025 4074
4026 4073
4027 4072
4066 4071
4028 4065
4029 4064
4031 4063
4058 4061
4055 4057
4032 4054
4033 4053
4039 4052
4034 4038
4035 4036
4040 4051
4045 4050
4041 4044
4042 4043
4047 4049
4059 4060
4069 4070
4067 4068
4086 4087
4090 4091
4097 4098
4095 4096
4106 4111
4107 4110
4108 4109
4122 4127
4125 4126
4123 4124
4131 4210
4132 4209
4138 4208
4134 4137
4135 4136
4139 4207
4142 4206
4140 4141
4168 4205
4143 4167
4144 4164
4162 4163
4145 4161
4146 4159
4147 4157
4148 4155
4153 4154
4151 4152
4149 4150
4173 4204
4169 4172
4170 4171
4176 4203
4174 4175
4177 4202
4178 4201
4181 4200
4179 4180
4182 4199
4194 4198
4183 4193
4184 4192
4185 4191
4186 4190
4187 4189
4195 4197
4219 4220
4217 4218
4252 4260
4253 4258
4254 4257
4255 4256
4724 4727
4273 4723
4274 4722
4275 4721
4719 4720
4276 4718
4277 4717
4278 4716
4279 4715
4286 4714
4280 4285
4281 4284
4282 4283
4288 4713
4291 4712
4289 4290
4292 4711
4707 4710
4296 4706
4293 4294
4297 4705
4304 4704
4298 4303
4301 4302
4299 4300
4698 4703
4305 4697
4695 4696
4306 4694
4307 4693
4691 4692
4311 4690
4308 4310
4316 4689
4312 4315
4313 4314
4319 4687
4317 4318
4649 4686
4320 4648
4321 4646
4322 4645
4362 4644
4323 4361
4326 4360
4324 4325
4327 4359
4328 4358
4343 4357
4329 4342
4332 4341
4339 4340
4337 4338
4333 4336
4334 4335
4344 4356
4345 4355
4348 4354
4346 4347
4349 4353
4350 4351
4632 4643
4622 4631
4363 4621
4364 4620
4367 4619
4365 4366
4617 4618
4368 4616
4369 4613
4370 4612
4374 4611
4371 4373
4375 4610
4588 4609
4376 4587
4377 4586
4380 4585
4378 4379
4567 4584
4432 4566
4424 4431
4381 4423
4382 4422
4412 4421
4383 4410
4386 4409
4384 4385
4407 4408
4387 4406
4388 4404
4389 4403
4394 4402
4390 4393
4391 4392
4395 4400
4397 4398
4413 4420
4416 4419
4414 4415
4417 4418
4425 4430
4428 4429
4426 4427
4519 4565
4433 4518
4434 4517
4435 4516
4436 4515
4512 4514
4505 4511
4437 4504
4440 4503
4438 4439
4461 4502
4441 4460
4451 4459
4442 4450
4446 4449
4443 4445
4447 4448
4452 4458
4455 4456
4453 4454
4462 4501
4499 4500
4467 4498
4463 4466
4464 4465
4473 4497
4470 4471
4468 4469
4474 4496
4491 4495
4475 4490
4488 4489
4476 4487
4477 4486
4478 4485
4479 4483
4480 4481
4506 4510
4507 4508
4555 4564
4520 4554
4521 4553
4551 4552
4524 4550
4522 4523
4541 4549
4525 4540
4526 4539
4533 4538
4527 4532
4530 4531
4528 4529
4534 4537
4535 4536
4542 4548
4546 4547
4544 4545
4556 4563
4557 4562
4558 4561
4559 4560
4572 4583
4568 4571
4569 4570
4573 4582
4574 4581
4575 4580
4576 4579
4577 4578
4591 4608
4589 4590
4592 4607
4605 4606
4593 4604
4594 4603
4599 4602
4595 4598
4596 4597
4600 4601
4625 4630
4623 4624
4626 4629
4627 4628
4633 4642
4640 4641
4634 4639
4635 4636
4659 4684
4650 4658
4653 4657
4651 4652
4654 4655
4682 4683
4660 4681
4679 4680
4663 4678
4661 4662
4664 4677
4675 4676
4665 4674
4666 4673
4667 4672
4670 4671
4668 4669
4699 4702
4700 4701
4708 4709
4725 4726
4737 4796
4740 4795
4738 4739
4741 4794
4742 4793
4743 4792
4786 4791
4744 4785
4745 4784
4746 4783
4747 4782
4762 4781
4748 4761
4749 4760
4750 4759
4751 4758
4752 4757
4753 4754
4763 4780
4766 4779
4764 4765
4769 4778
4767 4768
4771 4776
4774 4775
4772 4773
4789 4790
4787 4788
4815 4970
4816 4968
4966 4967
4947 4965
4924 4946
4817 4923
4916 4922
4820 4915
4818 4819
4821 4914
4829 4913
4822 4828
4825 4826
4823 4824
4911 4912
4830 4910
4831 4908
4903 4906
4854 4902
4832 4853
4833 4852
4850 4851
4834 4849
4835 4848
4836 4846
4842 4845
4837 4841
4838 4840
4900 4901
4855 4899
4856 4897
4858 4896
4859 4895
4860 4894
4861 4892
4890 4891
4862 4889
4863 4887
4866 4886
4876 4884
4871 4875
4867 4870
4868 4869
4872 4874
4877 4882
4880 4881
4878 4879
4904 4905
4917 4921
4918 4920
4926 4945
4943 4944
4927 4942
4928 4941
4931 4940
4929 4930
4933 4939
4934 4938
4935 4937
4948 4964
4954 4963
4949 4953
4950 4952
4961 4962
4955 4960
4956 4959
4975 4984
4976 4983
4979 4982
4977 4978
4980 4981
4992 4993
4990 4991
5001 5591
5002 5589
5003 5588
5004 5587
5005 5586
5584 5585
5006 5583
5007 5582
5245 5581
5008 5244
5009 5243
5010 5242
5011 5241
5012 5240
5075 5239
5013 5074
5014 5073
5015 5072
5059 5071
5016 5058
5053 5057
5017 5052
5048 5051
5021 5047
5018 5020
5045 5046
5043 5044
5022 5042
5027 5041
5023 5026
5024 5025
5028 5039
5035 5038
5029 5034
5030 5033
5031 5032
5036 5037
5049 5050
5054 5056
5060 5070
5061 5069
5064 5068
5062 5063
5065 5067
5076 5238
5077 5237
5080 5235
5078 5079
5081 5234
5082 5233
5083 5232
5084 5231
5089 5230
5085 5086
5228 5229
5226 5227
5090 5225
5091 5224
5096 5222
5092 5095
5093 5094
5199 5221
5097 5198
5195 5197
5098 5194
5099 5193
5100 5192
5103 5190
5101 5102
5108 5189
5106 5107
5104 5105
5114 5187
5112 5113
5109 5110
5115 5186
5116 5185
5117 5183
5118 5181
5129 5180
5119 5128
5124 5127
5120 5123
5121 5122
5125 5126
5132 5179
5130 5131
5133 5178
5134 5177
5153 5176
5135 5152
5136 5151
5139 5150
5137 5138
5140 5149
5147 5148
5141 5146
5144 5145
5142 5143
5154 5175
5167 5174
5155 5166
5156 5165
5157 5164
5162 5163
5158 5161
5159 5160
5172 5173
5168 5171
5169 5170
5200 5220
5203 5219
5201 5202
5217 5218
5204 5216
5205 5215
5206 5214
5207 5213
5208 5211
5209 5210
5246 5580
5247 5579
5248 5578
5250 5577
5252 5576
5258 5575
5254 5256
5259 5574
5318 5573
5260 5317
5261 5316
5262 5315
5272 5314
5263 5271
5264 5270
5265 5269
5267 5268
5278 5313
5273 5276
5274 5275
5279 5312
5304 5311
5280 5303
5283 5302
5281 5282
5284 5301
5285 5299
5288 5298
5286 5287
5289 5297
5294 5296
5290 5293
5291 5292
5307 5310
5305 5306
5308 5309
5571 5572
5319 5570
5320 5569
5321 5568
5322 5566
5323 5565
5325 5564
5348 5563
5328 5347
5326 5327
5329 5346
5332 5345
5330 5331
5340 5344
5333 5339
5334 5338
5336 5337
5341 5343
5349 5562
5354 5561
5350 5353
5488 5560
5355 5487
5483 5486
5481 5482
5356 5480
5357 5479
5358 5478
5359 5477
5401 5476
5372 5400
5370 5371
5360 5369
5367 5368
5361 5366
5362 5365
5363 5364
5375 5399
5373 5374
5396 5397
5387 5394
5376 5386
5383 5385
5377 5382
5378 5381
5379 5380
5392 5393
5388 5391
5389 5390
5402 5475
5403 5474
5404 5473
5405 5472
5411 5471
5406 5410
5412 5470
5413 5469
5414 5468
5435 5467
5415 5434
5417 5433
5418 5432
5424 5431
5419 5423
5420 5422
5425 5430
5426 5429
5427 5428
5436 5464
5437 5463
5438 5462
5447 5461
5439 5446
5444 5445
5440 5443
5441 5442
5450 5460
5448 5449
5452 5459
5453 5458
5456 5457
5454 5455
5484 5485
5489 5559
5490 5558
5491 5557
5549 5556
5492 5548
5495 5547
5493 5494
5496 5546
5507 5545
5497 5506
5498 5505
5503 5504
5499 5502
5500 5501
5508 5544
5535 5543
5509 5534
5510 5533
5511 5532
5512 5531
5513 5528
5520 5527
5514 5519
5515 5518
5516 5517
5525 5526
5521 5524
5522 5523
5536 5542
5538 5541
5539 5540
5550 5555
5553 5554
5551 5552
5615 5616
5623 5624
6252 6263
5644 6251
5645 6250
5646 6249
5647 6248
5648 6246
5649 6245
5650 6244
5654 6243
5651 5653
5655 6242
5656 6241
6239 6240
5657 6238
5658 6237
5661 6236
5659 5660
5662 6235
6162 6234
5663 6161
6153 6160
5664 6152
5665 6151
6088 6150
5666 6087
5667 6086
6069 6085
6064 6068
5668 6063
6023 6062
5669 6022
5670 6021
5673 6020
5671 5672
6014 6019
5674 6013
5675 6012
5676 6011
6009 6010
5677 6008
5996 6007
5815 5995
5678 5814
5680 5813
5681 5812
5682 5811
5683 5810
5684 5809
5687 5808
5685 5686
5689 5807
5690 5806
5700 5805
5691 5699
5692 5698
5693 5697
5694 5696
5797 5804
5701 5796
5702 5795
5703 5794
5704 5793
5719 5792
5705 5718
5706 5717
5710 5716
5707 5709
5713 5715
5711 5712
5720 5791
5721 5790
5722 5789
5787 5788
5730 5786
5723 5729
5726 5727
5724 5725
5731 5785
5732 5784
5733 5783
5736 5782
5734 5735
5747 5781
5737 5746
5738 5745
5741 5744
5739 5740
5742 5743
5748 5780
5749 5779
5753 5778
5751 5752
5774 5777
5754 5773
5771 5772
5756 5770
5757 5769
5766 5768
5758 5765
5761 5764
5759 5760
5762 5763
5775 5776
5798 5803
5799 5802
5800 5801
5816 5994
5819 5993
5817 5818
5820 5992
5822 5991
5825 5989
5823 5824
5826 5988
5829 5987
5827 5828
5976 5986
5830 5975
5831 5974
5832 5973
5971 5972
5833 5970
5905 5969
5834 5904
5835 5903
5836 5902
5837 5901
5893 5900
5838 5891
5885 5890
5839 5884
5842 5883
5840 5841
5843 5882
5844 5881
5845 5880
5849 5879
5846 5848
5850 5878
5876 5877
5851 5875
5852 5874
5855 5873
5853 5854
5865 5872
5856 5864
5859 5862
5857 5858
5860 5861
5866 5871
5869 5870
5867 5868
5886 5889
5887 5888
5894 5899
5895 5898
5896 5897
5906 5968
5907 5967
5908 5966
5909 5965
5910 5964
5911 5962
5946 5961
5912 5945
5929 5944
5913 5928
5918 5927
5914 5917
5915 5916
5919 5926
5920 5925
5921 5924
5922 5923
5930 5943
5941 5942
5931 5940
5934 5939
5932 5933
5937 5938
5935 5936
5947 5960
5955 5959
5948 5954
5949 5952
5950 5951
5956 5957
5977 5985
5983 5984
5980 5982
5978 5979
5997 6006
5998 6005
5999 6004
6000 6003
6001 6002
6017 6018
6015 6016
6036 6061
6024 6035
6025 6033
6026 6032
6029 6030
6027 6028
6059 6060
6037 6058
6044 6057
6040 6043
6038 6039
6041 6042
6045 6056
6046 6055
6053 6054
6047 6052
6048 6051
6049 6050
6066 6067
6070 6084
6071 6082
6072 6081
6077 6080
6073 6076
6074 6075
6078 6079
6089 6149
6147 6148
6090 6146
6142 6145
6091 6141
6092 6140
6097 6139
6093 6096
6094 6095
6098 6138
6120 6137
6116 6119
6099 6115
6104 6114
6100 6103
6101 6102
6106 6113
6107 6112
6110 6111
6108 6109
6117 6118
6121 6136
6122 6135
6125 6134
6123 6124
6130 6133
6128 6129
6126 6127
6131 6132
6143 6144
6156 6159
6154 6155
6157 6158
6163 6233
6227 6232
6164 6226
6222 6225
6165 6221
6166 6220
6218 6219
6167 6217
6168 6216
6173 6215
6169 6172
6170 6171
6179 6214
6174 6178
6175 6177
6181 6213
6188 6212
6182 6187
6185 6186
6183 6184
6189 6211
6190 6210
6206 6209
6191 6205
6192 6204
6202 6203
6196 6201
6193 6195
6197 6200
6198 6199
6207 6208
6223 6224
6228 6231
6229 6230
6260 6262
6257 6258
6253 6256
6254 6255
6270 6273
6271 6272
6280 6281
6278 6279
6311 6312
6293 6310
6294 6309
6295 6308
6304 6307
6297 6303
6298 6302
6299 6301
6305 6306
6355 6356
6344 6354
6352 6353
6345 6351
6346 6350
6347 6349
6382 6392
6383 6391
6386 6390
6384 6385
6387 6388
6399 7489
6876 7488
6400 6875
6873 6874
6871 6872
6401 6870
6402 6869
6403 6866
6404 6865
6405 6864
6406 6863
6425 6862
6407 6424
6408 6423
6411 6422
6409 6410
6414 6421
6412 6413
6415 6420
6418 6419
6416 6417
6426 6861
6427 6860
6428 6859
6429 6858
6856 6857
6430 6855
6431 6854
6432 6853
6433 6852
6804 6851
6434 6803
6790 6802
6435 6789
6436 6788
6477 6787
6437 6476
6463 6475
6458 6462
6438 6457
6443 6456
6439 6442
6440 6441
6449 6455
6446 6448
6444 6445
6451 6454
6459 6461
6464 6474
6465 6473
6471 6472
6466 6470
6468 6469
6785 6786
6478 6784
6479 6783
6487 6782
6480 6486
6484 6485
6481 6483
6488 6781
6513 6780
6491 6512
6489 6490
6492 6511
6497 6510
6493 6496
6494 6495
6508 6509
6498 6507
6505 6506
6499 6504
6500 6503
6501 6502
6514 6779
6777 6778
6515 6774
6747 6773
6516 6746
6517 6745
6518 6743
6689 6742
6519 6688
6520 6687
6521 6686
6522 6685
6604 6684
6599 6603
6523 6597
6532 6596
6527 6530
6524 6526
6528 6529
6533 6595
6534 6594
6592 6593
6541 6591
6535 6540
6536 6539
6537 6538
6544 6590
6542 6543
6588 6589
6545 6587
6546 6586
6547 6585
6548 6584
6549 6583
6550 6582
6551 6581
6552 6580
6566 6579
6553 6565
6554 6564
6556 6562
6557 6559
6571 6578
6567 6568
6572 6577
6573 6576
6600 6601
6605 6683
6675 6682
6606 6674
6617 6672
6607 6616
6608 6615
6609 6614
6610 6613
6611 6612
6670 6671
6618 6669
6667 6668
6619 6666
6620 6665
6660 6664
6621 6659
6622 6658
6624 6657
6650 6656
6648 6649
6625 6647
6626 6644
6627 6643
6628 6642
6630 6641
6634 6640
6631 6632
6635 6639
6651 6655
6662 6663
6676 6681
6677 6680
6678 6679
6693 6741
6690 6692
6694 6740
6696 6739
6698 6738
6699 6737
6700 6736
6701 6735
6712 6734
6702 6711
6709 6710
6707 6708
6703 6706
6704 6705
6716 6733
6713 6715
6717 6732
6718 6731
6719 6730
6720 6728
6723 6726
6721 6722
6724 6725
6748 6772
6769 6770
6749 6768
6766 6767
6750 6765
6751 6764
6752 6763
6759 6762
6753 6758
6754 6757
6755 6756
6760 6761
6794 6801
6791 6793
6795 6800
6808 6850
6805 6807
6809 6849
6810 6848
6811 6847
6814 6846
6812 6813
6844 6845
6816 6843
6817 6842
6818 6841
6819 6840
6820 6839
6828 6838
6821 6827
6822 6826
6823 6825
6829 6837
6833 6836
6831 6832
6834 6835
6877 7487
6878 7486
6879 7485
6880 7484
6881 7483
6884 7482
6882 6883
7263 7481
6885 7262
6887 7261
7257 7260
6888 7256
6889 7255
6890 7254
6891 7253
6892 7252
6893 7251
6896 7250
6897 7248
7220 7246
6898 7219
7216 7218
6899 7215
6900 7214
6911 7213
6901 6910
6902 6909
6903 6908
6906 6907
6904 6905
6944 7212
6942 6943
6912 6941
6913 6940
6914 6938
6915 6936
6916 6935
6917 6934
6918 6933
6919 6932
6920 6931
6921 6930
6926 6929
6924 6925
6922 6923
6927 6928
6950 7211
6945 6949
6946 6947
6968 7210
6951 6967
6962 6966
6952 6961
6953 6959
6954 6958
6955 6956
6963 6964
6969 7209
6970 7208
6971 7207
6972 7205
6973 7204
6974 7203
6975 7199
7193 7198
6976 7192
6977 7191
6978 7190
6979 7189
7184 7188
6980 7183
6981 7181
7135 7180
6982 7134
7132 7133
6983 7131
7102 7130
6984 7101
6985 7100
6986 7098
6987 7097
6988 7096
7094 7095
7083 7093
6989 7082
6990 7081
6991 7080
6992 7078
6993 7077
6994 7074
6995 7073
6996 7072
6999 7071
6997 6998
7067 7070
7000 7066
7001 7065
7006 7064
7004 7005
7002 7003
7007 7063
7012 7062
7008 7011
7009 7010
7019 7061
7015 7018
7013 7014
7016 7017
7020 7060
7021 7059
7022 7058
7044 7057
7023 7043
7035 7042
7026 7034
7024 7025
7027 7033
7029 7032
7030 7031
7036 7041
7039 7040
7037 7038
7053 7056
7045 7052
7046 7051
7049 7050
7047 7048
7054 7055
7068 7069
7088 7092
7086 7087
7084 7085
7089 7091
7120 7129
7114 7119
7110 7113
7103 7109
7104 7108
7105 7107
7111 7112
7115 7118
7116 7117
7124 7125
7121 7122
7136 7179
7141 7178
7137 7140
7138 7139
7176 7177
7142 7175
7143 7174
7151 7173
7146 7150
7144 7145
7147 7148
7154 7172
7152 7153
7168 7171
7155 7167
7160 7166
7156 7159
7157 7158
7161 7165
7162 7163
7186 7187
7194 7197
7195 7196
7221 7245
7240 7244
7222 7239
7227 7238
7225 7226
7223 7224
7229 7237
7232 7236
7230 7231
7234 7235
7242 7243
7258 7259
7476 7479
7264 7475
7472 7473
7466 7471
7265 7465
7266 7464
7267 7461
7455 7460
7268 7453
7450 7451
7274 7449
7269 7273
7270 7272
7441 7448
7275 7440
7278 7439
7276 7277
7279 7437
7280 7436
7281 7435
7283 7434
7284 7432
7410 7431
7285 7409
7401 7408
7286 7400
7287 7399
7343 7398
7337 7342
7288 7336
7292 7331
7289 7291
7300 7330
7293 7298
7295 7296
7301 7328
7302 7327
7323 7326
7303 7322
7307 7321
7304 7306
7308 7318
7309 7317
7310 7316
7311 7315
7313 7314
7324 7325
7340 7341
7344 7397
7346 7396
7382 7395
7347 7381
7379 7380
7348 7378
7366 7377
7364 7365
7349 7363
7352 7362
7350 7351
7353 7361
7354 7359
7355 7358
7356 7357
7367 7376
7368 7375
7371 7374
7369 7370
7372 7373
7385 7394
7392 7393
7386 7391
7387 7390
7388 7389
7406 7407
7402 7405
7403 7404
7412 7430
7428 7429
7414 7427
7415 7425
7420 7424
7416 7419
7417 7418
7421 7423
7442 7447
7444 7446
7456 7459
7457 7458
7469 7470
7467 7468
7477 7478
7492 7493
7504 7519
7517 7518
7512 7516
7507 7511
7505 7506
7508 7509
7513 7515
7528 7543
7529 7542
7536 7541
7530 7535
7533 7534
7531 7532
7537 7540
7538 7539
7581 7582
7569 7580
7576 7578
7594 7600
7598 7599
7595 7597
7614 7615
7607 7613
7610 7611
7676 7678
7715 7722
7716 7721
7717 7720
7718 7719
7726 7729
7727 7728
7734 7744
7737 7743
7735 7736
7741 7742
7739 7740
7764 7767
7757 7762
7758 7759
7765 7766
7775 7786
7776 7785
7777 7784
7778 7783
7781 7782
7779 7780
