3 8537
0 2
8525 8536
10 8524
4 9
5 8
6 7
13 8523
11 12
8497 8522
14 8496
1175 8495
17 1174
15 16
1172 1173
52 1171
50 51
18 49
39 48
19 38
22 37
20 21
23 36
24 35
29 34
26 28
32 33
44 47
42 43
40 41
45 46
75 1170
53 74
54 73
62 71
55 60
56 59
57 58
63 69
64 68
65 67
76 1169
77 1168
85 1167
79 84
80 83
81 82
86 1165
96 1164
87 95
92 93
90 91
88 89
97 1163
98 1162
107 1161
105 106
99 104
100 103
101 102
108 1160
118 1159
109 117
110 116
111 115
113 114
1157 1158
119 1156
120 1155
121 1153
122 1152
1131 1151
123 1130
124 1129
137 1128
125 136
132 135
126 131
127 130
128 129
133 134
138 1127
139 1126
140 1125
142 1124
143 1123
144 1122
203 1121
145 202
196 201
194 195
146 193
191 192
147 190
148 189
149 188
156 187
150 155
153 154
151 152
164 186
160 163
157 159
161 162
165 185
166 184
176 181
169 175
167 168
170 174
171 173
177 180
178 179
197 200
198 199
1113 1120
204 1112
205 1111
1096 1109
206 1095
207 1094
1081 1093
208 1080
1075 1079
209 1074
210 1073
216 1072
211 215
213 214
219 1071
217 218
1069 1070
220 1068
241 1067
227 240
221 226
222 225
223 224
228 239
229 238
230 237
231 236
232 235
233 234
244 1066
242 243
247 1065
245 246
1039 1063
248 1038
249 1037
1034 1036
250 1033
251 1032
252 1031
253 1030
1004 1029
254 1003
314 1002
255 313
260 312
257 259
261 311
274 310
268 273
262 267
263 266
264 265
269 272
270 271
275 309
276 307
288 306
277 287
279 286
280 285
282 284
302 305
289 301
292 300
290 291
293 299
294 298
295 297
303 304
315 1001
316 999
996 998
317 995
469 994
461 468
318 460
319 459
320 458
330 457
321 328
322 327
325 326
323 324
331 456
428 454
334 427
332 333
335 426
340 424
338 339
336 337
341 422
343 421
415 419
358 414
348 357
344 347
352 356
349 351
353 355
408 413
359 407
360 406
385 405
361 384
364 383
362 363
366 379
367 378
368 377
369 375
370 374
371 373
386 404
390 403
387 389
391 402
392 401
393 400
394 397
409 412
416 417
429 453
438 452
430 437
431 436
434 435
439 451
442 450
440 441
443 448
444 447
445 446
462 467
463 466
470 992
474 991
471 472
850 990
475 849
476 848
706 847
477 705
478 704
479 703
701 702
480 700
481 699
486 698
484 485
482 483
487 697
492 695
488 491
489 490
493 694
512 693
494 511
495 510
497 509
500 508
501 507
502 503
515 692
516 691
517 689
525 688
518 524
519 522
520 521
607 687
534 606
526 533
527 532
530 531
528 529
535 605
553 604
536 552
549 550
537 548
538 547
545 546
541 544
539 540
542 543
554 603
599 602
577 598
555 576
562 575
556 561
557 560
558 559
563 573
565 571
566 570
568 569
578 597
595 596
579 594
582 593
580 581
585 591
589 590
586 588
600 601
608 686
609 685
683 684
610 682
611 674
612 673
615 672
613 614
616 671
647 670
636 646
617 635
618 634
623 633
621 622
619 620
624 632
629 631
625 628
626 627
644 645
637 643
639 642
652 669
650 651
648 649
667 668
653 665
654 664
655 663
656 662
657 660
658 659
845 846
768 844
707 767
708 766
710 765
711 764
713 763
716 762
714 715
717 761
720 760
718 719
721 759
722 758
723 757
748 756
745 747
741 744
724 740
727 739
725 726
735 738
728 734
732 733
729 731
736 737
754 755
749 753
751 752
838 843
833 837
769 832
771 831
773 826
774 825
790 824
775 789
776 787
778 786
779 785
782 783
791 823
792 822
793 820
794 819
795 818
796 817
808 816
797 807
798 806
803 804
799 802
800 801
809 815
810 813
811 812
835 836
839 842
840 841
988 989
853 987
858 986
856 857
854 855
859 985
860 984
861 983
862 982
870 981
863 869
867 868
864 866
871 980
977 978
883 976
872 882
873 881
874 880
875 878
876 877
884 975
885 974
886 973
887 972
957 971
955 956
888 954
889 953
890 952
891 951
948 950
913 947
892 912
893 911
895 910
908 909
896 907
897 906
903 904
898 902
899 901
914 946
923 945
917 921
915 916
918 920
927 943
924 926
929 942
931 940
932 939
936 938
933 935
969 970
958 968
959 966
963 965
960 962
1020 1027
1005 1018
1006 1017
1007 1016
1014 1015
1008 1013
1011 1012
1009 1010
1023 1026
1021 1022
1024 1025
1042 1062
1040 1041
1043 1060
1049 1059
1044 1048
1045 1047
1057 1058
1053 1056
1050 1051
1076 1078
1082 1092
1086 1090
1084 1085
1097 1108
1098 1106
1101 1104
1099 1100
1102 1103
1118 1119
1114 1117
1115 1116
1132 1150
1136 1149
1137 1148
1142 1147
1138 1140
1143 1146
1180 8494
1178 1179
1176 1177
1183 8493
1181 1182
8474 8492
1184 8473
8471 8472
8469 8470
1185 8468
1186 8467
1189 8466
1187 1188
1191 8465
1193 8460
8457 8458
1200 8456
1194 1199
1195 1198
1196 1197
1201 8455
8453 8454
8451 8452
1202 8450
8437 8449
1203 8436
1204 8435
1212 8434
1208 1211
1205 1207
1209 1210
1213 8431
1218 8430
1214 1217
1219 8429
1226 8428
1223 1224
1220 1222
1229 8427
1227 1228
1232 8425
1230 1231
1235 8424
1233 1234
1246 8423
1236 1243
1237 1242
1239 1240
1248 8422
1249 8421
1274 8420
1250 1272
1253 1271
1251 1252
1269 1270
1267 1268
1254 1266
1260 1265
1255 1258
1256 1257
1261 1264
1262 1263
1280 8419
1275 1279
1276 1278
1281 8418
1284 8417
1282 1283
1285 8416
8373 8415
1286 8372
1287 8371
1294 8370
1288 1293
1289 1292
1329 8369
1295 1328
1296 1327
1303 1326
1297 1302
1298 1301
1304 1325
1319 1324
1305 1318
1306 1317
1307 1316
1313 1315
1308 1312
1309 1311
1320 1322
1330 8368
1332 8367
1335 8366
1333 1334
1336 8365
1337 8364
1338 8363
1349 8362
1339 1347
1340 1345
1341 1342
1350 8361
6789 8360
1351 6788
1353 6787
1354 6786
1355 6784
1356 6783
6741 6782
1357 6740
1358 6738
1359 6737
6727 6736
6723 6726
1360 6722
1361 6721
1362 6720
6718 6719
1363 6717
6715 6716
1364 6714
1378 6711
1365 1377
1366 1376
1367 1375
1368 1374
1369 1373
1370 1372
1379 6710
6706 6709
6704 6705
1380 6703
1395 6702
1381 1394
1382 1393
1383 1392
1384 1391
1387 1390
1388 1389
6652 6701
1396 6651
1397 6650
1398 6649
1399 6648
1407 6647
1400 1406
1401 1405
1402 1404
1408 6646
1414 6644
1410 1413
1411 1412
1416 6643
1417 6642
1445 6641
1418 1444
1420 1443
1421 1440
1422 1439
1435 1438
1433 1434
1423 1432
1424 1431
1427 1430
1425 1426
1436 1437
1447 6640
1448 6639
1449 6638
1485 6637
1450 1484
1457 1483
1451 1454
1452 1453
1459 1482
1460 1481
1461 1480
1478 1479
1462 1477
1467 1476
1463 1466
1464 1465
1468 1475
1469 1474
1470 1473
1471 1472
1521 6636
1486 1520
1516 1519
1487 1515
1498 1514
1488 1497
1489 1496
1494 1495
1491 1493
1510 1513
1499 1509
1500 1507
1505 1506
1503 1504
1511 1512
1517 1518
1526 6635
1522 1525
1523 1524
1527 6634
1528 6632
1529 6631
1537 6630
1530 1536
1531 1535
1532 1534
1538 6629
1541 6628
1539 1540
1542 6627
1543 6624
1550 6623
1544 1549
1545 1546
1551 6622
1564 6621
1552 1563
1553 1562
1554 1559
1557 1558
1555 1556
1565 6620
1599 6619
1592 1598
1566 1591
1567 1590
1568 1589
1569 1588
1570 1587
1575 1586
1571 1574
1572 1573
1581 1585
1578 1580
1576 1577
1582 1584
1593 1597
1594 1596
1600 6618
1601 6615
1604 6614
1606 6613
1609 6611
1607 1608
1612 6610
1610 1611
1613 6608
1619 6607
1614 1617
1615 1616
1620 6606
1626 6605
1621 1625
1622 1623
1627 6604
1628 6603
1629 6600
1631 6599
1633 6598
1634 6597
1637 6595
1635 1636
1641 6593
1638 1640
6591 6592
1644 6590
1642 1643
1645 6589
1646 6588
1649 6587
1647 1648
1650 6586
1659 6585
1651 1658
1652 1657
1655 1656
1653 1654
1660 6584
1661 6583
1662 6582
1663 6581
1665 6580
6578 6579
1676 6577
1666 1675
1673 1674
1667 1672
1670 1671
1668 1669
1677 6575
1682 6574
1678 1681
1679 1680
6571 6572
1683 6570
1687 6567
1685 1686
1688 6566
1689 6563
1690 6562
1691 6560
1692 6559
1695 6558
1693 1694
1696 6557
1697 6556
1698 6555
1699 6554
1700 6552
1707 6551
1701 1706
1702 1704
1708 6550
1709 6549
1710 6548
1711 6546
1715 6545
1712 1714
1716 6543
1719 6542
1717 1718
1723 6541
1720 1722
1726 6540
1724 1725
1733 6539
1727 1732
1728 1731
1729 1730
1743 6538
1734 1742
1735 1741
1736 1739
1737 1738
1744 6537
1745 6536
1746 6535
1747 6534
1758 6533
1748 1757
1751 1756
1749 1750
1754 1755
1752 1753
1759 6530
1760 6529
1761 6528
1762 6526
1763 6525
1764 6524
1766 6523
1767 6522
1768 6521
1778 6520
1773 1777
1769 1772
1770 1771
1775 1776
2701 6519
1831 2700
1779 1830
1828 1829
1782 1827
1780 1781
1783 1826
1807 1825
1784 1806
1785 1805
1789 1804
1786 1788
1790 1803
1791 1802
1796 1801
1792 1795
1793 1794
1797 1800
1798 1799
1810 1824
1822 1823
1811 1821
1812 1819
1813 1818
1814 1817
1815 1816
1832 2699
1837 2698
1833 1836
1834 1835
1838 2695
1839 2694
1840 2693
1841 2692
1842 2691
2519 2690
1843 2517
1844 2516
1846 2515
2513 2514
1847 2512
2506 2511
1848 2504
2500 2503
1849 2499
1854 2498
1850 1853
1851 1852
2496 2497
1855 2495
1858 2494
1856 1857
2489 2493
1859 2488
1862 2487
1860 1861
1863 2486
1867 2485
1864 1866
2482 2483
1868 2481
1869 2480
2476 2478
2468 2475
1870 2467
1871 2466
2458 2465
2456 2457
1872 2455
1873 2454
1874 2453
1875 2452
1879 2451
1876 1878
1880 2450
1881 2449
1886 2447
1884 1885
1882 1883
1887 2446
1888 2445
1891 2444
1889 1890
2411 2443
1892 2410
1893 2409
1894 2408
1895 2407
1896 2406
1900 2405
1897 1899
1923 2404
1901 1922
1902 1921
1903 1920
1912 1918
1910 1911
1904 1909
1905 1908
1906 1907
1913 1917
1924 2402
1925 2400
1926 2399
1927 2398
1928 2397
2315 2396
1933 2314
1929 1932
1934 2313
1935 2312
1937 2311
1938 2310
1941 2309
1939 1940
2306 2308
1942 2305
1943 2304
1944 2302
1945 2301
1949 2298
1946 1948
1950 2296
1951 2295
1952 2294
1954 2293
1955 2291
1956 2290
1959 2289
1957 1958
1960 2288
1962 2287
1963 2286
1966 2285
1964 1965
2283 2284
1976 2282
1967 1975
1972 1974
1968 1971
1969 1970
1977 2281
1980 2280
1978 1979
2231 2279
1981 2230
1982 2229
1983 2228
2216 2227
1984 2215
1985 2213
2208 2212
1986 2207
1988 2206
1989 2205
1990 2204
1996 2203
1993 1995
1991 1992
2091 2202
1997 2090
1998 2089
1999 2088
2000 2087
2033 2086
2001 2032
2002 2031
2003 2030
2024 2029
2004 2023
2005 2020
2006 2019
2007 2018
2015 2016
2008 2014
2011 2012
2009 2010
2027 2028
2025 2026
2034 2085
2080 2083
2035 2079
2070 2078
2037 2069
2038 2068
2041 2067
2039 2040
2042 2066
2043 2065
2044 2064
2056 2063
2045 2055
2046 2054
2047 2053
2048 2051
2049 2050
2059 2062
2060 2061
2073 2074
2071 2072
2081 2082
2092 2201
2192 2199
2093 2191
2169 2190
2094 2168
2166 2167
2157 2165
2095 2156
2096 2155
2097 2154
2098 2152
2147 2149
2099 2146
2143 2145
2131 2142
2100 2130
2101 2128
2104 2127
2102 2103
2105 2126
2106 2125
2123 2124
2112 2122
2107 2111
2108 2110
2113 2121
2114 2118
2115 2117
2132 2141
2133 2140
2138 2139
2134 2137
2135 2136
2158 2164
2162 2163
2159 2161
2170 2187
2171 2186
2184 2185
2172 2183
2180 2182
2173 2179
2174 2178
2175 2177
2195 2198
2193 2194
2196 2197
2210 2211
2217 2226
2220 2225
2218 2219
2234 2278
2251 2277
2235 2250
2242 2249
2236 2241
2239 2240
2237 2238
2243 2248
2244 2246
2275 2276
2252 2274
2253 2272
2254 2270
2255 2269
2256 2268
2257 2267
2258 2265
2263 2264
2339 2395
2316 2338
2317 2337
2318 2336
2321 2335
2319 2320
2322 2334
2323 2333
2328 2331
2324 2327
2325 2326
2329 2330
2358 2393
2340 2357
2341 2356
2343 2355
2346 2354
2344 2345
2350 2353
2347 2349
2351 2352
2361 2392
2359 2360
2390 2391
2362 2389
2376 2388
2365 2375
2363 2364
2372 2374
2367 2371
2368 2370
2383 2386
2377 2382
2378 2381
2379 2380
2384 2385
2412 2442
2417 2440
2414 2415
2418 2439
2435 2438
2421 2434
2419 2420
2426 2433
2422 2425
2423 2424
2427 2432
2428 2431
2429 2430
2436 2437
2461 2464
2459 2460
2471 2474
2469 2470
2472 2473
2490 2491
2501 2502
2509 2510
2507 2508
2522 2689
2520 2521
2523 2688
2524 2685
2540 2684
2538 2539
2525 2537
2526 2536
2527 2535
2528 2534
2529 2532
2530 2531
2541 2683
2672 2682
2544 2671
2542 2543
2668 2670
2545 2667
2548 2666
2546 2547
2549 2665
2655 2664
2550 2654
2551 2653
2552 2652
2556 2651
2649 2650
2557 2648
2558 2647
2559 2646
2640 2645
2574 2639
2562 2573
2560 2561
2565 2572
2563 2564
2566 2571
2569 2570
2567 2568
2577 2638
2575 2576
2579 2637
2580 2635
2586 2633
2584 2585
2581 2583
2588 2629
2600 2628
2589 2598
2590 2596
2591 2595
2593 2594
2602 2627
2607 2625
2603 2606
2604 2605
2608 2624
2609 2622
2614 2621
2610 2613
2611 2612
2616 2620
2617 2619
2641 2644
2642 2643
2657 2663
2661 2662
2658 2660
2680 2681
2673 2679
2675 2676
2702 6518
2719 6517
2715 2718
2703 2714
2711 2712
2704 2710
2708 2709
2705 2707
2716 2717
2720 6516
2721 6514
2722 6513
2723 6512
2724 6511
2729 6510
2725 2728
2726 2727
2731 6509
2736 6508
2734 2735
2732 2733
6214 6507
2737 6213
6198 6212
2749 6197
2747 2748
2738 2746
2741 2745
2739 2740
2742 2744
2750 6196
2755 6195
2753 2754
2751 2752
2760 6194
2756 2759
2757 2758
6192 6193
5924 6191
2761 5923
2762 5922
2763 5921
2764 5920
2765 5919
2775 5918
2766 2774
2772 2773
2767 2771
2769 2770
2776 5917
5901 5916
5882 5900
2777 5881
2778 5880
2779 5879
2780 5878
2781 5877
5875 5876
2782 5874
2783 5873
2784 5872
2785 5871
2790 5870
2786 2789
2787 2788
5868 5869
2791 5867
2792 5866
2793 5865
2794 5864
2797 5863
2795 2796
5859 5862
2798 5858
5856 5857
2809 5855
2799 2808
2800 2807
2801 2806
2802 2805
2803 2804
2823 5853
2810 2822
2818 2821
2811 2817
2812 2816
2814 2815
2819 2820
2824 5852
2825 5851
2826 5850
2829 5849
2827 2828
2830 5848
2831 5847
5845 5846
2837 5844
2832 2836
2833 2834
2838 5843
5835 5842
2840 5834
2841 5833
5819 5832
2842 5818
2843 5817
3064 5816
3061 3063
2844 3060
2847 3059
2845 2846
2848 3058
2936 3057
2923 2935
2849 2922
2850 2921
2855 2920
2853 2854
2851 2852
2856 2919
2859 2918
2857 2858
2860 2917
2895 2916
2861 2894
2862 2893
2863 2892
2874 2891
2864 2873
2865 2870
2866 2869
2867 2868
2881 2890
2875 2880
2876 2879
2877 2878
2882 2889
2883 2888
2884 2887
2896 2915
2912 2914
2909 2911
2897 2908
2902 2907
2898 2901
2899 2900
2903 2906
2904 2905
2924 2934
2931 2932
2929 2930
2925 2928
3055 3056
3053 3054
2937 3051
2939 3050
2940 3049
3044 3048
2941 3043
3013 3042
2942 3012
3006 3011
2943 3005
2944 3004
2978 3003
2946 2977
2947 2976
2972 2975
2970 2971
2948 2969
2949 2968
2966 2967
2950 2965
2951 2963
2952 2962
2953 2960
2954 2959
2955 2958
2956 2957
2973 2974
2986 3002
2979 2985
2980 2984
2982 2983
2997 3001
2990 2996
2987 2989
2991 2995
2992 2993
2998 3000
3007 3010
3008 3009
3014 3041
3015 3039
3035 3038
3018 3034
3016 3017
3030 3031
3019 3029
3026 3028
3020 3025
3021 3024
3036 3037
3045 3047
3065 5814
3066 5813
3209 5812
3067 3208
3068 3207
3201 3206
3069 3200
3072 3199
3070 3071
3075 3198
3073 3074
3085 3197
3078 3084
3081 3082
3079 3080
3086 3196
3098 3195
3087 3097
3088 3096
3090 3095
3091 3094
3092 3093
3103 3193
3099 3102
3100 3101
3104 3192
3110 3191
3105 3109
3106 3108
3115 3188
3111 3114
3112 3113
3116 3187
3121 3186
3117 3120
3118 3119
3129 3185
3122 3128
3124 3127
3125 3126
3138 3184
3130 3137
3131 3136
3132 3135
3133 3134
3139 3183
3175 3182
3140 3172
3170 3171
3168 3169
3141 3167
3156 3166
3142 3155
3143 3154
3144 3153
3145 3152
3150 3151
3146 3149
3147 3148
3159 3165
3157 3158
3163 3164
3160 3162
3180 3181
3176 3179
3177 3178
3202 3205
3203 3204
3210 5811
5809 5810
3211 5807
3212 5806
3215 5805
3213 3214
5803 5804
3216 5802
3239 5801
3217 3238
3218 3237
3219 3236
3233 3234
3223 3232
3220 3221
3227 3231
3224 3225
3228 3229
3240 5800
3241 5799
3242 5798
5733 5796
3243 5732
3244 5731
3245 5730
3249 5727
3246 3248
3250 5726
3251 5725
3252 5723
3253 5722
3254 5718
3255 5717
3256 5716
3257 5715
3258 5714
3259 5713
3260 5712
3261 5711
3262 5710
3263 5709
3267 5708
3264 3266
3268 5707
5703 5706
3269 5702
3270 5701
5699 5700
5697 5698
3271 5696
3272 5695
5683 5694
3273 5682
3274 5681
3275 5680
3278 5678
3276 3277
3279 5677
3302 5676
3280 3300
3281 3299
3284 3298
3282 3283
3285 3297
3286 3296
3294 3295
3287 3293
3288 3291
3289 3290
5672 5675
5669 5671
3303 5668
5650 5667
3304 5649
3305 5648
5642 5647
3306 5641
3307 5640
3308 5639
3309 5638
5242 5637
3310 5241
3311 5240
3569 5239
3312 3568
3315 3567
3313 3314
3375 3566
3316 3374
3317 3373
3320 3372
3318 3319
3321 3371
3322 3370
3323 3369
3324 3368
3345 3367
3343 3344
3325 3342
3338 3341
3335 3337
3326 3334
3327 3333
3328 3331
3329 3330
3339 3340
3347 3366
3363 3364
3348 3362
3349 3361
3350 3360
3351 3359
3352 3358
3356 3357
3353 3355
3441 3565
3376 3440
3377 3439
3386 3438
3378 3385
3383 3384
3381 3382
3379 3380
3387 3437
3388 3436
3392 3435
3389 3391
3430 3434
3421 3429
3393 3420
3396 3419
3394 3395
3397 3418
3398 3417
3411 3416
3399 3410
3400 3409
3406 3408
3404 3405
3401 3403
3414 3415
3412 3413
3422 3428
3423 3427
3424 3425
3431 3433
3563 3564
3442 3562
3443 3561
3444 3560
3445 3559
3446 3558
3447 3557
3451 3556
3448 3450
3452 3555
3553 3554
3453 3552
3456 3551
3454 3455
3457 3550
3458 3548
3459 3547
3460 3546
3473 3545
3461 3472
3466 3471
3462 3463
3469 3470
3467 3468
3474 3544
3475 3543
3476 3542
3483 3541
3481 3482
3477 3480
3539 3540
3484 3538
3485 3537
3535 3536
3486 3534
3487 3533
3488 3532
3530 3531
3489 3529
3518 3528
3490 3517
3491 3516
3494 3515
3492 3493
3497 3514
3495 3496
3510 3513
3500 3509
3498 3499
3502 3508
3503 3507
3504 3506
3511 3512
3523 3526
3519 3522
3520 3521
3524 3525
3570 5238
5236 5237
3571 5235
3572 5234
3573 5233
3600 5232
3585 3599
3574 3584
3575 3583
3580 3582
3578 3579
3586 3598
3590 3597
3587 3589
3595 3596
3591 3594
3592 3593
3601 5231
5229 5230
5220 5228
3602 5219
3603 5218
5147 5217
3625 5146
3604 3624
3605 3623
3621 3622
3608 3617
3606 3607
3609 3616
3614 3615
3610 3613
3611 3612
5058 5145
3626 5057
3629 5056
3627 3628
3630 5055
3631 5054
3636 5053
3632 3635
3633 3634
5051 5052
3637 5050
3638 5049
3639 5048
3640 5047
3664 5046
3662 3663
3641 3660
3644 3659
3642 3643
3645 3658
3648 3657
3646 3647
3649 3655
3650 3654
3651 3653
3669 5045
3666 3668
3670 5044
3675 5043
3671 3674
3672 3673
3676 5042
3677 5041
3678 5039
3679 5038
5021 5037
3680 5020
3681 5019
3682 5018
3693 5017
3683 3692
3684 3690
3685 3688
3686 3687
3694 5016
3695 5015
5013 5014
5011 5012
3696 5010
5008 5009
3697 5007
3698 5006
3754 5005
3752 3753
3699 3751
3700 3750
3701 3747
3706 3746
3702 3705
3707 3745
3708 3744
3709 3743
3736 3741
3726 3735
3710 3725
3711 3724
3720 3723
3712 3719
3713 3718
3714 3717
3715 3716
3727 3734
3728 3731
3729 3730
3737 3739
3755 5004
3756 5003
3758 5002
3759 5001
3760 5000
3761 4999
3763 4998
3764 4997
3767 4996
3765 3766
3769 4995
4961 4994
4754 4960
3770 4753
3798 4752
3771 3797
3772 3796
3773 3795
3774 3794
3790 3793
3775 3789
3776 3788
3779 3787
3777 3778
3780 3786
3781 3785
3782 3784
3791 3792
3799 4751
4749 4750
3800 4748
3819 4747
3801 3818
3804 3817
3802 3803
3805 3816
3814 3815
3806 3813
3807 3812
3808 3811
3809 3810
3820 4746
3821 4745
3830 4744
3822 3829
3823 3826
3824 3825
3831 4743
3832 4741
4739 4740
3834 4738
3835 4737
3868 4736
3836 3867
3837 3866
3844 3865
3838 3843
3839 3842
3845 3864
3846 3863
3847 3862
3859 3861
3849 3858
3850 3857
3851 3856
3852 3854
4710 4735
3869 4709
3870 4708
3871 4707
3872 4706
3885 4705
3881 3884
3875 3880
3873 3874
3876 3879
3877 3878
3882 3883
3893 4704
3886 3892
3887 3891
3888 3890
3934 4703
3894 3933
3923 3932
3895 3922
3896 3921
3897 3920
3917 3918
3898 3916
3902 3915
3899 3900
3905 3914
3906 3913
3907 3912
3910 3911
3908 3909
3924 3931
3929 3930
3925 3928
3926 3927
3935 4702
3936 4701
3939 4700
3960 4699
3940 3959
3941 3958
3942 3957
3943 3956
3944 3955
3945 3954
3950 3952
3946 3949
3947 3948
3961 4698
3962 4697
3965 4696
3963 3964
3986 4694
3966 3985
3967 3984
3979 3983
3968 3978
3970 3976
3973 3974
3971 3972
3981 3982
3987 4693
3988 4692
3989 4691
3991 4690
4688 4689
3992 4687
3993 4686
3996 4684
3994 3995
4013 4682
3997 4012
4000 4011
4001 4010
4002 4009
4003 4006
4004 4005
4018 4680
4014 4017
4015 4016
4019 4678
4676 4677
4020 4675
4021 4674
4022 4673
4023 4672
4035 4670
4033 4034
4024 4032
4025 4031
4026 4030
4028 4029
4036 4669
4037 4668
4038 4666
4054 4665
4039 4053
4051 4052
4044 4050
4040 4043
4041 4042
4045 4049
4047 4048
4055 4664
4214 4663
4056 4213
4057 4212
4058 4211
4059 4209
4069 4208
4060 4068
4061 4067
4062 4066
4064 4065
4083 4207
4075 4082
4070 4074
4071 4073
4076 4081
4079 4080
4077 4078
4087 4205
4084 4086
4203 4204
4199 4202
4088 4198
4089 4197
4195 4196
4090 4194
4192 4193
4095 4191
4091 4094
4092 4093
4189 4190
4096 4187
4097 4186
4098 4185
4112 4184
4099 4111
4100 4109
4101 4108
4103 4107
4104 4106
4113 4183
4124 4182
4116 4123
4114 4115
4118 4122
4119 4121
4127 4181
4125 4126
4128 4180
4130 4177
4171 4175
4150 4169
4131 4149
4138 4148
4132 4137
4133 4136
4134 4135
4139 4147
4140 4146
4142 4145
4143 4144
4151 4168
4152 4167
4153 4166
4158 4165
4156 4157
4154 4155
4159 4164
4160 4163
4161 4162
4172 4174
4200 4201
4215 4662
4657 4661
4216 4656
4221 4655
4217 4220
4653 4654
4222 4652
4649 4651
4223 4648
4224 4647
4225 4646
4228 4645
4229 4644
4230 4643
4247 4642
4231 4246
4232 4245
4239 4244
4233 4238
4234 4237
4235 4236
4240 4241
4249 4641
4252 4640
4250 4251
4253 4639
4254 4638
4636 4637
4634 4635
4255 4633
4258 4632
4256 4257
4260 4631
4261 4630
4268 4629
4266 4267
4262 4265
4263 4264
4613 4628
4269 4612
4270 4611
4271 4610
4272 4609
4273 4608
4274 4607
4275 4606
4317 4605
4276 4316
4277 4315
4296 4314
4278 4295
4279 4294
4282 4293
4280 4281
4283 4292
4284 4291
4286 4290
4288 4289
4297 4313
4309 4312
4298 4308
4299 4307
4300 4306
4301 4305
4302 4304
4310 4311
4318 4604
4319 4603
4352 4602
4322 4351
4320 4321
4325 4350
4323 4324
4326 4349
4338 4348
4329 4337
4327 4328
4331 4336
4334 4335
4339 4347
4340 4346
4344 4345
4341 4342
4353 4601
4354 4600
4361 4599
4357 4360
4355 4356
4358 4359
4467 4598
4362 4466
4365 4465
4363 4364
4369 4463
4366 4368
4461 4462
4442 4460
4370 4441
4371 4440
4372 4439
4373 4438
4374 4437
4375 4436
4418 4435
4394 4417
4376 4393
4377 4392
4378 4391
4379 4390
4380 4389
4381 4388
4382 4387
4384 4386
4396 4416
4405 4414
4399 4404
4397 4398
4400 4403
4406 4413
4409 4412
4407 4408
4410 4411
4419 4434
4420 4433
4427 4432
4421 4426
4422 4425
4423 4424
4428 4431
4429 4430
4456 4459
4443 4455
4444 4454
4451 4453
4445 4450
4446 4449
4447 4448
4457 4458
4469 4597
4591 4596
4470 4590
4471 4589
4473 4588
4474 4587
4475 4586
4476 4585
4477 4584
4478 4583
4479 4582
4480 4581
4481 4580
4482 4579
4485 4578
4483 4484
4566 4577
4486 4565
4561 4564
4487 4560
4490 4559
4488 4489
4556 4558
4491 4555
4492 4554
4497 4553
4493 4496
4494 4495
4530 4552
4498 4529
4499 4528
4524 4527
4500 4523
4521 4522
4501 4520
4502 4519
4515 4518
4503 4514
4504 4513
4507 4512
4505 4506
4510 4511
4508 4509
4516 4517
4525 4526
4550 4551
4531 4549
4534 4548
4532 4533
4535 4547
4545 4546
4542 4544
4536 4541
4537 4540
4562 4563
4575 4576
4567 4574
4570 4573
4568 4569
4571 4572
4592 4595
4593 4594
4618 4627
4615 4617
4621 4626
4619 4620
4622 4625
4623 4624
4659 4660
4721 4734
4715 4720
4713 4714
4711 4712
4716 4719
4717 4718
4722 4733
4723 4732
4724 4731
4725 4729
4726 4728
4958 4959
4755 4957
4955 4956
4757 4954
4758 4953
4759 4952
4950 4951
4760 4949
4947 4948
4761 4946
4765 4943
4763 4764
4790 4942
4766 4789
4767 4788
4772 4787
4768 4771
4769 4770
4775 4786
4773 4774
4782 4785
4776 4781
4777 4780
4778 4779
4783 4784
4791 4941
4798 4940
4792 4797
4795 4796
4793 4794
4801 4939
4799 4800
4933 4938
4903 4932
4802 4902
4900 4901
4803 4899
4896 4897
4804 4895
4807 4894
4805 4806
4808 4893
4809 4892
4812 4891
4810 4811
4813 4890
4814 4889
4865 4888
4815 4864
4816 4863
4817 4862
4820 4861
4818 4819
4821 4860
4843 4859
4822 4842
4823 4841
4824 4840
4829 4839
4825 4828
4832 4838
4830 4831
4833 4837
4834 4835
4844 4858
4848 4857
4845 4846
4849 4856
4850 4855
4851 4854
4852 4853
4886 4887
4866 4885
4880 4883
4875 4879
4867 4874
4868 4873
4871 4872
4869 4870
4876 4878
4881 4882
4904 4931
4905 4930
4912 4929
4906 4911
4907 4910
4908 4909
4913 4928
4914 4927
4915 4926
4924 4925
4916 4923
4917 4922
4918 4921
4919 4920
4936 4937
4934 4935
4984 4993
4962 4983
4963 4982
4964 4980
4965 4979
4973 4978
4966 4972
4967 4971
4968 4970
4974 4977
4975 4976
4985 4992
4986 4991
4987 4990
5035 5036
5022 5034
5023 5033
5031 5032
5024 5030
5025 5029
5026 5027
5059 5144
5060 5143
5061 5141
5062 5140
5063 5139
5064 5138
5065 5137
5133 5136
5066 5132
5067 5131
5070 5130
5068 5069
5071 5129
5072 5128
5073 5127
5075 5125
5121 5124
5100 5120
5076 5099
5077 5097
5078 5094
5079 5092
5080 5091
5081 5090
5082 5089
5083 5088
5084 5087
5085 5086
5101 5119
5102 5118
5103 5117
5104 5116
5105 5115
5106 5114
5107 5113
5108 5112
5109 5110
5122 5123
5134 5135
5148 5216
5212 5215
5149 5211
5150 5210
5153 5209
5151 5152
5156 5208
5154 5155
5162 5207
5159 5161
5157 5158
5165 5206
5163 5164
5166 5205
5202 5204
5169 5201
5167 5168
5170 5200
5171 5199
5173 5198
5196 5197
5174 5195
5175 5193
5181 5192
5176 5180
5177 5178
5183 5191
5184 5190
5185 5189
5213 5214
5221 5227
5222 5226
5224 5225
5243 5636
5245 5635
5246 5634
5247 5633
5359 5632
5254 5358
5251 5252
5248 5250
5259 5357
5255 5258
5256 5257
5263 5356
5260 5261
5265 5355
5267 5354
5301 5353
5298 5300
5268 5297
5269 5296
5290 5295
5270 5289
5271 5287
5272 5284
5282 5283
5280 5281
5273 5279
5277 5278
5274 5276
5293 5294
5291 5292
5302 5352
5307 5351
5305 5306
5303 5304
5349 5350
5308 5348
5329 5347
5325 5328
5309 5323
5312 5321
5310 5311
5313 5320
5316 5319
5314 5315
5317 5318
5326 5327
5330 5346
5343 5344
5331 5342
5332 5341
5339 5340
5333 5338
5336 5337
5334 5335
5360 5631
5361 5630
5362 5629
5405 5628
5363 5404
5364 5402
5365 5401
5370 5400
5366 5369
5367 5368
5386 5399
5371 5385
5372 5384
5373 5382
5380 5381
5374 5379
5377 5378
5375 5376
5391 5397
5387 5390
5392 5396
5393 5394
5406 5627
5411 5626
5407 5410
5408 5409
5412 5625
5413 5624
5414 5623
5415 5622
5416 5621
5417 5620
5420 5619
5418 5419
5421 5618
5422 5617
5615 5616
5423 5614
5424 5613
5457 5612
5425 5456
5426 5455
5453 5454
5427 5452
5429 5451
5430 5450
5431 5448
5432 5447
5433 5446
5441 5445
5434 5440
5435 5439
5436 5438
5442 5443
5458 5611
5459 5610
5485 5609
5481 5484
5462 5480
5460 5461
5463 5479
5475 5478
5464 5474
5468 5473
5465 5467
5469 5472
5470 5471
5476 5477
5482 5483
5486 5607
5549 5606
5487 5548
5488 5547
5491 5546
5489 5490
5492 5545
5493 5544
5494 5543
5495 5542
5498 5541
5496 5497
5533 5540
5531 5532
5499 5530
5500 5529
5503 5528
5501 5502
5504 5527
5505 5526
5506 5525
5509 5523
5507 5508
5510 5522
5514 5521
5511 5513
5515 5520
5516 5517
5534 5536
5581 5605
5550 5580
5551 5579
5552 5578
5557 5576
5553 5556
5554 5555
5572 5575
5558 5571
5559 5570
5568 5569
5560 5567
5561 5566
5562 5565
5563 5564
5573 5574
5602 5604
5582 5601
5583 5599
5593 5598
5584 5592
5585 5590
5596 5597
5594 5595
5643 5646
5644 5645
5655 5666
5651 5654
5652 5653
5656 5665
5663 5664
5657 5662
5658 5661
5659 5660
5673 5674
5690 5693
5684 5689
5685 5688
5686 5687
5691 5692
5704 5705
5734 5795
5735 5794
5736 5793
5737 5792
5738 5791
5740 5790
5784 5789
5741 5783
5745 5782
5742 5744
5746 5781
5747 5780
5749 5778
5751 5777
5752 5776
5753 5775
5756 5774
5754 5755
5757 5773
5758 5772
5768 5771
5761 5767
5759 5760
5762 5766
5763 5765
5785 5788
5786 5787
5825 5831
5820 5824
5822 5823
5826 5830
5828 5829
5836 5841
5837 5840
5838 5839
5860 5861
5883 5899
5886 5898
5884 5885
5893 5897
5889 5891
5887 5888
5894 5896
5914 5915
5902 5913
5905 5912
5903 5904
5910 5911
5906 5909
5907 5908
6189 6190
5925 6188
5926 6187
5927 6185
5928 6184
6178 6183
5929 6177
5932 6174
5930 5931
5933 6173
6167 6172
5934 6166
5935 6165
5960 6164
5936 5959
5937 5958
5938 5957
5939 5956
5942 5955
5947 5953
5943 5946
5944 5945
5951 5952
5949 5950
5961 6163
5964 6162
5972 6161
5968 5971
5965 5967
5969 5970
6007 6160
6005 6006
5973 6004
5974 6003
5986 6002
5975 5985
5978 5983
5976 5977
5979 5982
5980 5981
5998 6000
5987 5997
5988 5996
5994 5995
5991 5993
5989 5990
6008 6159
6009 6158
6010 6157
6016 6156
6011 6015
6012 6014
6096 6155
6017 6095
6018 6094
6019 6092
6021 6091
6025 6090
6029 6089
6026 6027
6087 6088
6030 6086
6084 6085
6035 6083
6031 6033
6036 6081
6037 6080
6075 6079
6038 6074
6039 6073
6040 6072
6041 6071
6042 6070
6043 6069
6044 6067
6061 6066
6057 6060
6045 6056
6046 6055
6047 6052
6050 6051
6048 6049
6058 6059
6062 6065
6063 6064
6097 6154
6100 6153
6098 6099
6101 6152
6104 6151
6102 6103
6122 6150
6118 6121
6106 6117
6111 6116
6107 6110
6108 6109
6114 6115
6112 6113
6129 6149
6125 6128
6123 6124
6126 6127
6130 6148
6131 6147
6132 6146
6133 6145
6134 6144
6142 6143
6135 6141
6136 6140
6138 6139
6168 6171
6169 6170
6179 6182
6180 6181
6199 6211
6200 6210
6207 6209
6205 6206
6201 6204
6202 6203
6472 6506
6215 6471
6469 6470
6216 6468
6219 6467
6217 6218
6227 6466
6220 6226
6224 6225
6221 6223
6464 6465
6228 6463
6229 6462
6232 6461
6230 6231
6457 6459
6324 6456
6235 6323
6233 6234
6236 6322
6237 6321
6238 6320
6239 6319
6282 6317
6243 6281
6240 6242
6244 6280
6248 6279
6245 6246
6249 6277
6270 6275
6250 6269
6253 6268
6251 6252
6259 6267
6254 6258
6255 6257
6265 6266
6260 6264
6261 6263
6273 6274
6271 6272
6309 6316
6283 6308
6284 6307
6295 6306
6285 6294
6292 6293
6286 6291
6287 6288
6296 6305
6301 6304
6297 6300
6298 6299
6302 6303
6310 6315
6311 6314
6312 6313
6326 6455
6447 6454
6436 6446
6327 6435
6328 6434
6335 6433
6329 6334
6330 6333
6331 6332
6336 6432
6375 6431
6337 6374
6338 6373
6369 6372
6339 6368
6366 6367
6347 6365
6340 6346
6341 6345
6342 6344
6348 6364
6356 6363
6349 6355
6353 6354
6350 6352
6359 6362
6357 6358
6360 6361
6370 6371
6407 6430
6376 6406
6377 6405
6386 6404
6378 6385
6381 6384
6379 6380
6382 6383
6390 6403
6387 6388
6391 6402
6392 6401
6395 6400
6393 6394
6396 6397
6408 6429
6425 6428
6417 6424
6409 6416
6414 6415
6410 6413
6411 6412
6420 6423
6418 6419
6421 6422
6426 6427
6444 6445
6437 6443
6440 6442
6438 6439
6448 6453
6449 6452
6450 6451
6481 6505
6473 6480
6478 6479
6474 6477
6475 6476
6503 6504
6482 6502
6483 6501
6487 6500
6484 6486
6488 6498
6490 6496
6492 6495
6493 6494
6653 6700
6694 6699
6654 6693
6655 6692
6689 6691
6656 6688
6681 6687
6657 6680
6678 6679
6674 6677
6658 6672
6659 6671
6664 6670
6660 6663
6661 6662
6665 6669
6666 6668
6675 6676
6682 6686
6683 6685
6695 6698
6696 6697
6707 6708
6724 6725
6728 6735
6729 6734
6730 6733
6731 6732
6746 6781
6743 6745
6747 6780
6754 6779
6748 6753
6751 6752
6749 6750
6757 6777
6755 6756
6758 6776
6759 6775
6760 6774
6772 6773
6769 6771
6765 6768
6761 6764
6762 6763
6766 6767
6790 8359
6791 8358
6792 8357
6812 8355
6793 6811
6794 6810
6807 6808
6795 6806
6804 6805
6796 6803
6797 6802
6798 6801
6889 8354
6813 6888
6814 6887
6816 6882
6880 6881
6818 6879
6819 6878
6820 6877
6821 6875
6824 6874
6825 6870
6833 6869
6826 6832
6830 6831
6827 6829
6834 6868
6835 6867
6836 6866
6839 6865
6837 6838
6840 6864
6856 6862
6846 6855
6841 6845
6842 6844
6847 6853
6848 6852
6850 6851
6857 6860
6892 8353
6890 6891
6893 8352
6894 8351
6895 8350
6902 8349
6896 6901
6899 6900
6897 6898
6903 8348
6904 8346
6905 8344
6906 8343
6911 8342
6909 6910
6907 6908
6912 8341
8338 8339
8336 8337
6913 8335
6914 8334
8332 8333
6915 8331
6916 8330
6923 8329
6917 6922
6918 6921
6924 8328
6927 8327
6925 6926
6928 8326
6931 8325
6929 6930
6932 8324
6933 8323
8313 8322
6952 8312
6934 6951
6935 6950
6936 6949
6944 6947
6937 6943
6941 6942
6938 6940
6945 6946
6972 8311
6953 6971
6954 6970
6955 6969
6965 6968
6956 6964
6958 6963
6959 6961
6966 6967
6975 8310
6973 6974
8227 8309
6976 8226
6977 8225
6978 8224
6981 8223
6982 8222
6983 8221
8117 8220
6984 8116
6985 8115
6986 8114
6987 8113
7805 8112
6988 7804
7801 7803
6989 7800
6990 7799
7000 7798
6991 6999
6996 6997
6992 6995
6993 6994
7001 7797
7793 7796
7002 7792
7787 7791
7003 7786
7784 7785
7004 7783
7005 7782
7006 7780
7778 7779
7007 7777
7008 7776
7011 7775
7009 7010
7018 7774
7012 7017
7013 7016
7014 7015
7663 7773
7019 7662
7024 7661
7022 7023
7020 7021
7025 7660
7026 7659
7036 7658
7034 7035
7027 7033
7029 7032
7030 7031
7037 7657
7038 7656
7041 7655
7039 7040
7042 7654
7044 7653
7052 7652
7045 7051
7046 7050
7047 7048
7053 7651
7054 7650
7055 7649
7275 7648
7058 7274
7056 7057
7263 7273
7059 7262
7259 7261
7221 7258
7060 7220
7061 7219
7151 7218
7062 7150
7065 7149
7063 7064
7107 7147
7066 7106
7067 7105
7072 7104
7068 7071
7069 7070
7075 7103
7073 7074
7076 7102
7077 7101
7089 7098
7078 7088
7079 7087
7080 7086
7084 7085
7081 7083
7090 7097
7091 7096
7092 7095
7093 7094
7108 7146
7109 7145
7110 7144
7111 7143
7141 7142
7112 7140
7135 7139
7113 7134
7114 7133
7115 7132
7118 7131
7116 7117
7123 7130
7119 7122
7120 7121
7126 7127
7124 7125
7136 7137
7152 7217
7153 7216
7154 7215
7208 7214
7155 7207
7156 7206
7157 7205
7162 7204
7158 7161
7159 7160
7163 7203
7200 7202
7164 7199
7195 7198
7165 7194
7166 7193
7167 7184
7168 7183
7169 7182
7171 7181
7172 7180
7177 7178
7175 7176
7173 7174
7196 7197
7209 7212
7222 7257
7223 7256
7224 7255
7227 7254
7225 7226
7228 7253
7236 7252
7233 7235
7229 7232
7230 7231
7248 7251
7237 7247
7238 7246
7239 7245
7240 7244
7242 7243
7249 7250
7264 7272
7265 7271
7266 7269
7267 7268
7276 7647
7277 7646
7278 7645
7279 7644
7294 7643
7280 7293
7282 7292
7283 7291
7288 7290
7284 7287
7285 7286
7295 7642
7296 7641
7639 7640
7297 7638
7298 7637
7299 7636
7302 7635
7300 7301
7303 7634
7305 7633
7322 7632
7306 7321
7317 7320
7307 7316
7308 7315
7313 7314
7309 7311
7318 7319
7323 7631
7330 7630
7326 7329
7324 7325
7327 7328
7331 7629
7332 7628
7617 7627
7606 7616
7333 7605
7370 7604
7334 7369
7335 7368
7345 7367
7336 7344
7340 7343
7338 7339
7341 7342
7365 7366
7346 7364
7358 7363
7349 7357
7347 7348
7350 7355
7352 7353
7359 7362
7360 7361
7371 7603
7372 7602
7373 7600
7388 7599
7374 7387
7377 7386
7375 7376
7384 7385
7380 7382
7378 7379
7585 7598
7389 7584
7390 7583
7391 7582
7394 7581
7392 7393
7395 7578
7396 7577
7397 7575
7572 7574
7398 7571
7399 7570
7400 7569
7401 7566
7402 7565
7407 7564
7403 7404
7408 7563
7557 7562
7409 7556
7412 7555
7413 7554
7414 7553
7550 7552
7415 7549
7416 7546
7417 7545
7419 7544
7420 7543
7421 7542
7422 7541
7425 7540
7423 7424
7426 7539
7427 7538
7530 7537
7428 7529
7429 7528
7430 7527
7431 7526
7432 7524
7522 7523
7480 7521
7433 7479
7434 7478
7437 7476
7440 7475
7438 7439
7441 7474
7442 7473
7443 7469
7447 7467
7444 7446
7450 7466
7448 7449
7462 7465
7451 7461
7457 7460
7455 7456
7452 7453
7458 7459
7463 7464
7483 7520
7481 7482
7484 7519
7517 7518
7485 7516
7514 7515
7486 7513
7510 7512
7487 7509
7493 7508
7488 7492
7490 7491
7494 7507
7495 7505
7501 7504
7496 7499
7497 7498
7502 7503
7533 7536
7531 7532
7534 7535
7558 7561
7559 7560
7586 7597
7587 7595
7593 7594
7588 7592
7589 7591
7607 7615
7612 7613
7608 7611
7609 7610
7618 7626
7619 7625
7620 7624
7621 7623
7664 7772
7717 7771
7665 7716
7697 7715
7666 7696
7673 7695
7668 7672
7670 7671
7674 7694
7675 7693
7676 7692
7690 7691
7677 7689
7678 7688
7679 7687
7684 7686
7680 7683
7681 7682
7713 7714
7709 7712
7698 7708
7699 7707
7703 7706
7700 7702
7704 7705
7710 7711
7718 7770
7721 7769
7719 7720
7765 7768
7754 7764
7722 7753
7732 7752
7723 7731
7728 7730
7726 7727
7724 7725
7741 7751
7735 7740
7733 7734
7736 7737
7742 7750
7746 7748
7743 7744
7755 7763
7758 7762
7756 7757
7759 7761
7766 7767
7788 7789
7794 7795
8091 8111
7806 8090
7814 8089
7810 7813
7807 7808
7811 7812
7815 8088
8082 8085
7816 8081
7819 8080
7817 7818
7820 8079
7821 8078
7822 8077
7896 8076
7823 7895
7824 7894
7835 7893
7825 7834
7830 7833
7826 7829
7827 7828
7831 7832
7869 7892
7836 7868
7837 7867
7859 7866
7838 7858
7839 7857
7840 7856
7841 7855
7850 7854
7842 7849
7843 7848
7844 7847
7845 7846
7864 7865
7860 7863
7861 7862
7886 7891
7870 7885
7871 7883
7874 7882
7872 7873
7875 7881
7876 7879
7877 7878
7889 7890
7887 7888
8074 8075
7897 8073
7901 8072
7898 7900
7902 8071
7903 8070
7904 8069
7911 8068
7905 7910
7906 7909
7907 7908
8064 8067
7912 8063
7913 8062
8060 8061
7914 8059
8057 8058
7915 8056
8042 8055
7916 8041
8039 8040
7921 8038
7917 7920
7918 7919
7922 8037
7923 8036
7977 8035
7971 7976
7924 7970
7968 7969
7925 7967
7926 7966
7955 7965
7927 7954
7928 7953
7931 7952
7929 7930
7932 7950
7933 7949
7939 7947
7934 7938
7935 7937
7940 7946
7941 7944
7942 7943
7963 7964
7956 7962
7957 7961
7958 7959
7972 7975
7973 7974
7990 8034
7978 7989
7979 7986
7982 7985
7980 7981
7983 7984
7991 8033
7992 8032
7993 8031
7996 8030
7994 7995
7997 8029
7998 8027
7999 8026
8024 8025
8017 8023
8000 8016
8001 8015
8002 8014
8003 8013
8007 8012
8004 8006
8010 8011
8008 8009
8018 8021
8019 8020
8043 8054
8044 8052
8045 8051
8047 8050
8048 8049
8065 8066
8083 8084
8107 8110
8092 8106
8094 8105
8095 8104
8098 8103
8096 8097
8099 8102
8100 8101
8108 8109
8151 8219
8118 8150
8119 8149
8120 8148
8127 8147
8121 8126
8124 8125
8122 8123
8128 8146
8129 8142
8136 8141
8130 8135
8131 8134
8132 8133
8137 8140
8138 8139
8158 8218
8156 8157
8152 8155
8153 8154
8161 8217
8159 8160
8162 8216
8163 8215
8165 8214
8209 8213
8170 8208
8168 8169
8166 8167
8171 8206
8172 8205
8179 8203
8173 8178
8174 8177
8175 8176
8180 8202
8181 8201
8182 8200
8189 8199
8183 8188
8184 8187
8185 8186
8190 8198
8191 8197
8192 8196
8210 8212
8302 8307
8228 8301
8299 8300
8229 8298
8230 8297
8231 8296
8251 8295
8232 8250
8233 8247
8241 8246
8237 8240
8234 8236
8238 8239
8242 8245
8243 8244
8292 8294
8252 8291
8255 8290
8253 8254
8257 8289
8258 8288
8259 8287
8274 8285
8260 8273
8271 8272
8269 8270
8261 8268
8262 8267
8263 8266
8264 8265
8283 8284
8275 8282
8278 8281
8276 8277
8279 8280
8314 8321
8315 8320
8316 8319
8317 8318
8374 8414
8380 8412
8375 8379
8376 8378
8385 8411
8381 8384
8382 8383
8386 8410
8387 8409
8406 8407
8388 8405
8403 8404
8391 8402
8389 8390
8392 8401
8393 8400
8394 8399
8395 8398
8396 8397
8438 8447
8444 8445
8477 8491
8475 8476
8479 8490
8480 8489
8481 8488
8482 8487
8483 8486
8484 8485
8510 8517
8498 8509
8499 8508
8500 8507
8503 8506
8501 8502
8504 8505
8515 8516
8511 8514
8512 8513
8526 8535
8529 8534
8527 8528
8530 8533
8531 8532
