0 3111
1 3110
2895 3109
2 2894
7 2893
3 6
4 5
8 2892
9 2891
2889 2890
10 2888
13 2886
11 12
16 2885
14 15
17 2884
30 2883
18 29
19 28
20 27
21 26
22 25
23 24
31 2882
32 2881
2875 2880
37 2874
33 36
34 35
2868 2873
38 2867
41 2866
39 40
42 2865
43 2864
44 2863
45 2862
2807 2861
46 2806
47 2805
2802 2803
2798 2801
2796 2797
48 2795
2792 2793
49 2791
50 2790
2788 2789
53 2787
51 52
2785 2786
56 2784
54 55
2770 2783
59 2769
57 58
60 2767
61 2766
2764 2765
62 2763
63 2762
64 2761
69 2760
65 68
66 67
71 2759
72 2758
76 2757
73 75
77 2756
78 2755
79 2754
88 2753
80 87
81 86
82 85
83 84
2751 2752
132 2750
89 131
105 130
90 104
93 103
91 92
97 102
94 96
100 101
98 99
128 129
106 127
107 126
110 124
108 109
111 122
112 121
113 120
114 119
115 118
116 117
2748 2749
133 2747
134 2746
2743 2745
135 2742
136 2741
137 2740
138 2739
144 2738
139 143
140 142
145 2737
2508 2736
146 2507
147 2506
2502 2505
2500 2501
148 2499
149 2498
150 2497
153 2496
151 152
156 2495
154 155
159 2494
157 158
233 2491
162 232
160 161
230 231
163 229
164 228
165 226
166 225
223 224
167 222
174 221
168 173
169 172
170 171
175 220
176 219
177 218
178 217
181 216
179 180
182 214
211 213
183 208
186 207
184 185
189 206
187 188
190 205
192 204
193 202
196 201
194 195
197 200
198 199
236 2490
234 235
237 2489
254 2488
238 253
251 252
239 250
240 248
246 247
243 245
241 242
257 2486
255 256
339 2485
337 338
258 336
261 335
259 260
262 334
331 332
263 330
264 329
309 328
267 308
265 266
270 307
268 269
281 306
272 280
273 279
274 278
275 277
285 304
282 284
287 303
288 302
291 301
289 290
292 300
293 299
295 298
296 297
317 327
310 316
311 315
313 314
324 325
318 323
321 322
319 320
344 2483
340 343
341 342
345 2482
357 2481
346 356
349 355
347 348
352 353
350 351
358 2480
375 2479
359 374
364 373
360 363
361 362
365 372
370 371
366 369
367 368
2477 2478
376 2476
381 2475
377 380
382 2474
385 2473
383 384
386 2471
387 2470
392 2469
388 391
389 390
393 2468
2464 2467
413 2463
394 412
395 411
396 410
406 409
402 405
399 401
397 398
403 404
407 408
419 2462
414 418
415 417
420 2461
2452 2459
421 2451
422 2450
423 2449
424 2447
426 2446
2443 2445
2441 2442
427 2440
428 2439
429 2438
2434 2437
430 2433
431 2432
436 2431
434 435
432 433
437 2428
438 2427
491 2426
489 490
439 488
442 487
440 441
443 486
444 485
481 484
456 480
445 455
448 454
446 447
450 453
451 452
465 479
461 464
457 460
458 459
462 463
466 478
476 477
467 475
468 473
469 472
470 471
482 483
2414 2425
494 2412
492 493
2410 2411
499 2409
495 498
500 2408
2291 2407
501 2290
2280 2289
502 2279
503 2278
504 2277
509 2276
505 508
506 507
510 2275
511 2274
512 2273
2267 2272
513 2266
514 2265
515 2262
516 2261
517 2260
518 2259
2220 2258
519 2219
2194 2218
2192 2193
520 2190
521 2189
522 2188
525 2187
523 524
548 2186
528 547
526 527
529 546
542 545
530 541
531 540
532 539
533 535
543 544
2182 2185
549 2181
2171 2180
550 2170
551 2169
2167 2168
2163 2166
552 2162
2160 2161
553 2159
554 2158
2156 2157
555 2155
556 2154
557 2153
570 2152
558 569
562 568
559 561
565 566
563 564
571 2151
577 2150
575 576
572 574
578 2149
2139 2148
579 2138
580 2137
581 2136
598 2135
582 596
583 595
585 594
586 593
587 592
590 591
588 589
604 2134
599 603
600 602
605 2133
606 2132
607 2131
608 2130
610 2127
616 2126
614 615
611 613
617 2125
622 2124
618 620
623 2123
624 2122
628 2120
625 627
634 2119
629 633
630 632
635 2118
2110 2117
637 2109
641 2108
639 640
659 2107
657 658
642 656
643 655
651 654
644 650
645 649
647 648
652 653
660 2106
663 2105
661 662
664 2104
1017 2103
667 1016
665 666
668 1015
669 1014
670 1013
697 1012
671 696
672 695
673 694
674 691
675 690
676 689
677 688
678 687
685 686
683 684
679 682
712 1011
707 711
698 706
701 705
699 700
702 704
708 710
713 1010
1007 1009
714 1006
715 1005
716 1004
999 1002
719 998
717 718
720 997
721 994
724 992
722 723
985 991
793 984
725 792
730 791
728 729
726 727
731 790
732 789
733 787
785 786
734 784
737 783
735 736
776 781
738 775
739 774
740 773
741 771
747 770
742 745
743 744
748 769
751 768
749 750
762 767
752 761
755 760
753 754
758 759
756 757
763 764
777 779
794 983
795 982
841 981
798 840
796 797
800 839
801 838
821 837
802 820
803 819
804 818
806 817
813 816
807 812
808 810
823 836
824 835
825 834
828 832
829 831
842 980
845 979
843 844
975 978
846 974
850 973
847 849
852 972
853 971
959 970
856 958
854 855
857 957
864 956
858 863
859 860
866 955
953 954
872 952
867 871
868 869
873 951
874 950
875 949
876 948
878 947
881 946
879 880
888 945
882 887
883 886
889 944
890 943
941 942
891 940
935 939
892 934
893 933
899 932
896 898
894 895
900 931
902 930
916 929
912 915
903 911
909 910
904 908
905 906
913 914
917 927
918 926
919 925
920 924
921 923
960 969
961 966
962 965
963 964
976 977
986 989
987 988
1000 1001
1018 2102
1045 2101
1019 1044
1020 1043
1021 1042
1022 1041
1025 1040
1023 1024
1034 1039
1026 1032
1027 1031
1035 1038
1046 2100
1047 2099
1048 2098
1068 2097
1049 1067
1051 1066
1060 1061
1056 1059
1052 1055
1053 1054
1057 1058
2087 2095
2085 2086
2037 2084
1069 2036
1070 2034
2030 2033
1102 2029
1071 1101
1072 1100
1088 1099
1073 1087
1074 1086
1084 1085
1082 1083
1077 1081
1075 1076
1078 1080
1091 1098
1089 1090
1092 1096
1093 1094
1103 2028
1118 2027
1104 1117
1109 1116
1105 1108
1106 1107
1110 1115
1111 1114
1112 1113
1119 2026
1122 2024
1120 1121
1130 2023
1128 1129
1123 1127
1125 1126
1131 2022
1132 2021
1133 2020
2017 2018
1137 2015
1134 1136
1138 2014
1139 2013
2009 2012
2007 2008
1140 2006
1141 2005
1142 2004
1989 2003
1894 1988
1143 1893
1144 1892
1889 1891
1818 1888
1145 1817
1146 1816
1272 1815
1147 1271
1155 1270
1148 1154
1151 1153
1149 1150
1156 1269
1256 1268
1159 1255
1157 1158
1160 1254
1161 1253
1162 1251
1163 1250
1175 1249
1166 1174
1164 1165
1172 1173
1167 1170
1182 1247
1176 1179
1183 1246
1184 1245
1185 1244
1205 1242
1188 1203
1186 1187
1189 1202
1192 1201
1190 1191
1194 1199
1195 1198
1196 1197
1240 1241
1209 1239
1207 1208
1212 1238
1210 1211
1214 1237
1217 1236
1215 1216
1218 1235
1228 1233
1221 1227
1219 1220
1223 1226
1224 1225
1229 1230
1266 1267
1257 1265
1261 1263
1258 1260
1303 1814
1273 1302
1274 1301
1275 1300
1291 1299
1276 1290
1288 1289
1278 1287
1281 1286
1279 1280
1282 1283
1292 1297
1293 1296
1294 1295
1304 1813
1305 1812
1307 1811
1308 1810
1808 1809
1309 1807
1310 1806
1321 1805
1317 1320
1311 1316
1312 1315
1318 1319
1783 1804
1322 1782
1327 1781
1323 1326
1324 1325
1328 1780
1332 1779
1329 1331
1333 1778
1775 1777
1762 1773
1334 1761
1335 1760
1758 1759
1336 1757
1337 1756
1727 1755
1725 1726
1338 1724
1339 1723
1341 1722
1344 1721
1342 1343
1345 1720
1346 1719
1451 1718
1350 1450
1347 1349
1351 1449
1352 1448
1353 1447
1436 1444
1354 1435
1430 1434
1355 1429
1356 1428
1357 1427
1399 1426
1358 1398
1365 1397
1359 1364
1360 1363
1361 1362
1368 1396
1366 1367
1369 1394
1391 1392
1383 1390
1370 1382
1373 1381
1371 1372
1374 1380
1375 1379
1376 1377
1384 1389
1385 1388
1386 1387
1407 1425
1405 1406
1400 1404
1401 1402
1409 1424
1420 1423
1410 1418
1411 1417
1412 1416
1421 1422
1431 1433
1442 1443
1440 1441
1437 1439
1452 1717
1465 1716
1453 1464
1457 1463
1454 1456
1458 1462
1459 1461
1470 1715
1468 1469
1466 1467
1472 1714
1477 1713
1473 1476
1474 1475
1478 1712
1479 1708
1706 1707
1482 1705
1480 1481
1587 1704
1483 1586
1573 1585
1484 1572
1486 1571
1569 1570
1567 1568
1487 1566
1488 1565
1489 1563
1491 1562
1494 1560
1492 1493
1495 1559
1498 1558
1496 1497
1499 1557
1503 1555
1501 1502
1553 1554
1504 1552
1508 1551
1505 1507
1509 1550
1544 1549
1510 1543
1537 1542
1511 1536
1512 1535
1513 1533
1514 1532
1521 1531
1518 1519
1515 1517
1522 1530
1528 1529
1523 1527
1524 1526
1538 1540
1545 1548
1546 1547
1574 1584
1577 1583
1575 1576
1578 1581
1579 1580
1588 1702
1686 1701
1589 1685
1590 1684
1591 1683
1592 1682
1675 1680
1593 1674
1594 1673
1597 1672
1669 1670
1598 1668
1610 1667
1606 1608
1599 1605
1600 1604
1601 1603
1611 1666
1612 1665
1613 1664
1614 1663
1649 1660
1617 1648
1615 1616
1620 1644
1618 1619
1621 1643
1634 1642
1622 1633
1623 1631
1624 1630
1625 1629
1626 1627
1640 1641
1635 1639
1636 1637
1651 1659
1652 1658
1654 1657
1678 1679
1676 1677
1688 1699
1689 1698
1692 1697
1690 1691
1693 1696
1694 1695
1728 1751
1748 1750
1729 1747
1743 1746
1730 1742
1733 1741
1731 1732
1734 1740
1735 1739
1736 1737
1763 1772
1766 1770
1767 1768
1790 1803
1788 1789
1784 1787
1785 1786
1791 1801
1792 1799
1793 1797
1794 1796
1874 1886
1819 1872
1820 1871
1821 1870
1824 1869
1822 1823
1854 1868
1825 1853
1846 1852
1828 1844
1826 1827
1830 1843
1831 1841
1835 1840
1832 1834
1838 1839
1836 1837
1847 1851
1848 1849
1855 1867
1856 1866
1857 1865
1860 1864
1858 1859
1861 1863
1879 1884
1882 1883
1880 1881
1895 1986
1897 1985
1898 1984
1899 1983
1900 1982
1908 1981
1901 1907
1902 1906
1903 1905
1911 1980
1909 1910
1912 1979
1929 1978
1918 1928
1913 1917
1914 1915
1919 1926
1924 1925
1920 1923
1921 1922
1930 1977
1966 1976
1931 1965
1932 1964
1961 1963
1933 1960
1934 1959
1935 1958
1952 1957
1950 1951
1936 1949
1947 1948
1937 1946
1940 1945
1941 1944
1942 1943
1953 1954
1967 1975
1973 1974
1971 1972
1968 1970
1990 2002
2000 2001
1991 1999
1997 1998
1992 1996
1993 1995
2031 2032
2038 2083
2039 2082
2078 2081
2040 2077
2044 2076
2042 2043
2045 2074
2048 2073
2046 2047
2071 2072
2049 2070
2050 2069
2051 2067
2060 2065
2053 2059
2054 2057
2055 2056
2063 2064
2061 2062
2079 2080
2088 2094
2090 2092
2111 2116
2112 2114
2140 2147
2145 2146
2141 2144
2142 2143
2164 2165
2172 2178
2174 2177
2175 2176
2183 2184
2214 2217
2195 2213
2196 2212
2210 2211
2197 2209
2198 2208
2199 2207
2205 2206
2201 2204
2215 2216
2241 2257
2221 2240
2222 2239
2235 2238
2223 2234
2232 2233
2224 2231
2226 2230
2236 2237
2242 2256
2243 2254
2244 2253
2245 2252
2246 2251
2247 2250
2268 2270
2281 2288
2282 2287
2283 2286
2284 2285
2292 2406
2293 2405
2294 2404
2295 2403
2399 2400
2296 2397
2323 2394
2297 2322
2298 2321
2299 2320
2300 2318
2308 2316
2303 2306
2301 2302
2304 2305
2309 2315
2313 2314
2327 2393
2324 2326
2328 2392
2390 2391
2335 2389
2329 2334
2330 2333
2331 2332
2336 2388
2345 2387
2339 2344
2337 2338
2340 2343
2358 2386
2346 2357
2355 2356
2347 2354
2348 2353
2351 2352
2349 2350
2359 2385
2361 2383
2362 2382
2364 2381
2365 2380
2366 2379
2367 2378
2369 2377
2370 2376
2372 2375
2422 2424
2417 2421
2415 2416
2418 2420
2435 2436
2457 2458
2453 2456
2454 2455
2465 2466
2503 2504
2734 2735
2509 2733
2510 2732
2511 2731
2538 2730
2512 2537
2531 2536
2513 2530
2522 2529
2520 2521
2514 2519
2515 2518
2516 2517
2526 2527
2524 2525
2532 2535
2533 2534
2728 2729
2543 2727
2539 2542
2540 2541
2725 2726
2723 2724
2544 2722
2690 2721
2545 2689
2546 2688
2547 2687
2552 2686
2548 2551
2549 2550
2558 2685
2553 2557
2554 2556
2682 2683
2559 2681
2560 2680
2561 2679
2677 2678
2562 2676
2565 2675
2563 2564
2566 2674
2573 2673
2567 2572
2568 2571
2569 2570
2574 2672
2620 2671
2575 2619
2582 2618
2580 2581
2576 2579
2577 2578
2583 2617
2584 2616
2613 2615
2585 2612
2590 2611
2586 2589
2587 2588
2600 2610
2591 2599
2596 2597
2592 2595
2593 2594
2607 2609
2601 2606
2604 2605
2602 2603
2660 2670
2621 2659
2656 2657
2622 2655
2623 2654
2624 2653
2625 2652
2629 2649
2627 2628
2630 2648
2632 2647
2633 2646
2634 2645
2635 2644
2636 2643
2639 2642
2637 2638
2640 2641
2668 2669
2661 2667
2662 2666
2663 2665
2691 2720
2709 2719
2705 2708
2692 2704
2693 2703
2694 2702
2700 2701
2698 2699
2695 2696
2706 2707
2717 2718
2715 2716
2710 2714
2711 2713
2771 2782
2774 2781
2772 2773
2775 2779
2776 2778
2799 2800
2808 2860
2856 2859
2809 2855
2810 2854
2846 2853
2811 2845
2812 2844
2817 2843
2813 2816
2814 2815
2818 2842
2830 2841
2821 2829
2819 2820
2825 2828
2822 2823
2826 2827
2838 2840
2832 2837
2835 2836
2833 2834
2848 2852
2849 2851
2857 2858
2871 2872
2869 2870
2878 2879
2876 2877
3107 3108
2992 3106
2902 2991
2896 2901
2897 2900
2898 2899
2905 2990
2903 2904
2906 2989
2907 2988
2912 2987
2908 2909
2919 2986
2913 2918
2915 2917
2926 2985
2920 2925
2923 2924
2921 2922
2927 2984
2979 2983
2928 2978
2929 2976
2930 2975
2931 2974
2932 2973
2935 2972
2933 2934
2947 2971
2936 2945
2937 2944
2942 2943
2938 2941
2939 2940
2969 2970
2948 2968
2966 2967
2950 2965
2951 2964
2958 2963
2952 2957
2953 2954
2959 2962
2960 2961
2980 2982
2995 3105
2996 3104
2997 3103
3101 3102
2998 3100
2999 3099
3000 3098
3001 3097
3008 3096
3002 3007
3005 3006
3003 3004
3009 3095
3010 3094
3011 3093
3073 3092
3012 3072
3013 3070
3014 3069
3027 3068
3015 3026
3018 3025
3016 3017
3019 3024
3020 3023
3021 3022
3040 3067
3028 3039
3029 3037
3035 3036
3032 3034
3030 3031
3041 3066
3042 3065
3053 3064
3043 3050
3044 3049
3045 3047
3062 3063
3054 3061
3057 3060
3055 3056
3058 3059
3074 3091
3089 3090
3087 3088
3075 3086
3084 3085
3078 3083
3076 3077
3079 3082
3080 3081
